alt,u,v,temp,bv2
17414,1.26357184911676,4.55067149717521,1.35464114832523,0.000329879760926846
17418,1.18736603443012,4.51692174224336,1.35665071770322,0.000330379816272626
17422,1.1113238331054,4.48295655675371,1.35856459330131,0.00033026847541729
17426,1.1295104162209,4.48267831212937,1.36038277511949,0.00186733831539678
17430,0.782504840806734,4.88808241920922,1.26220095693767,0.00186378696762496
17434,0.707519874182335,4.85200701992204,1.26401913875586,0.000331160526745277
17437,0.632626419974777,4.81595959878843,1.26583732057404,0.000331048659144929
17441,0.557824478184052,4.77994015580838,1.26755980861233,0.000331552267273029
17445,0.48309636330541,4.74368656377772,1.2691866028707,0.000663385070601311
17449,0.408459258619708,4.7074625427513,1.27081339712907,0.000331832537611781
17453,0.333881709939458,4.67069886736362,1.27244019138744,0.000332338535338697
17457,0.259304161259205,4.63393519197594,1.273875598086,0.000332225870584379
17461,0.184817622771899,4.5972010875925,1.27531100478456,0.000332733069493449
17465,0.110326924918176,4.56048655148956,1.27674641148311,0.00186626645950581
17469,0.0360024896572817,4.5235766806749,1.17818181818167,0.00186437854150054
17473,-0.216786302462165,4.93972497385032,1.17952153110035,0.000333015340566997
17477,-0.290380600283545,4.90122239349593,1.18076555023909,0.000333524954707604
17481,-0.363979587417823,4.86274096526509,1.18200956937785,0.000333411484248234
17485,-0.437434628649207,4.82373542980945,1.18325358851661,0.000333922312479199
17489,-0.603608055337272,4.74726923501222,1.18440191387546,0.000668129189725523
17493,-0.676895680268185,4.70807759368965,1.1855502392343,0.000334206605788241
17498,-0.750093382460271,4.6689186815674,1.18669856459317,0.000334719875251703
17502,-0.823386414288539,4.62975142918268,1.1876555023922,0.000334605590413457
17506,-0.89667944611681,4.59058417679796,1.18861244019125,0.000335120087061405
17510,-0.877173961328825,4.58866326323311,1.1895693779903,0.000335005528814484
17514,-0.950386861997515,4.54928169032666,1.19052631578934,0.0018672955090169
17518,-1.11059833204463,4.98054964936903,1.09138755980848,0.00186374432390874
17523,-1.18301035894653,4.93903547093337,1.09224880382763,0.000335923388670902
17527,-1.16327643982853,4.93660108060728,1.09301435406687,0.00067213476603359
17531,-1.23550975880385,4.89488224197136,1.09368421052619,0.000336211100992933
17535,-1.3076476171045,4.85317007859609,1.09435406698553,0.000336730550652699
17539,-1.28773499005991,4.85053102806975,1.09502392344486,0.000336614888900762
17544,-1.3597773876859,4.80882553995512,1.09559808612428,0.000337135587989502
17548,-1.33958691640667,4.80598998954146,1.09617224880373,0.000337019647869963
17552,-1.41135884388383,4.76411871681748,1.09674641148314,0.000337541600900399
17556,-1.39098482534108,4.76132723220308,1.09732057416257,0.00220476234966185
17560,-1.46253126694797,4.71890418507858,0.997799043062088,0.0018637856256021
17565,-1.44202722320963,4.71555425080301,0.998181818181706,0.000338356567578087
17569,-1.51338819611135,4.67292944209833,0.998564593301325,0.000338239786299403
17573,-1.49269868366783,4.66937774624258,0.998947368420929,0.000338765528453967
17577,-1.74560432457146,5.04450187647171,0.99923444976065,0.000338648464753842
17581,-1.72472368685812,5.04096019706691,0.999521531100356,0.00186618354061566
17585,-1.79511017429109,4.99678377552134,0.899808612440069,0.00220222300285002
17590,-1.86531367847121,4.95265128436804,0.900095693779789,0.000339468791555195
17594,-1.84406707425215,4.9491974657478,0.900287081339599,0.000339998364244099
17598,-1.82273304941514,4.94578256929436,0.900478468899394,0.000339880447105268
17602,-1.80130328351198,4.9426122465261,0.900574162679291,0.000340411305946293
17606,-1.77987351760881,4.93944192375784,0.900669856459203,0.000340293102253086
17611,-1.75823489605859,4.93573667774401,0.900669856459203,0.00186546106103762
17615,-1.73650818791953,4.93206882226879,0.80066985645918,0.00220315704919699
17619,-1.80612283897216,4.88792969143539,0.80066985645918,0.000341121425939442
17624,-1.78429421853282,4.88450007243046,0.80066985645918,0.000341656171473639
17628,-1.76228123687994,4.88110964061119,0.80066985645918,0.000341537101821981
17633,-1.74026825522705,4.87771920879193,0.800574162679268,0.000342073152410474
17637,-1.71807091236061,4.87436796415832,0.800478468899371,0.0018636929224251
17641,-1.69586135778477,4.87124680919717,0.700382775119479,0.00186187099737695
17646,-1.76500634897319,4.82745198992844,0.700287081339567,0.000685281675391688
17650,-1.74261182107166,4.82436846821574,0.70019138755967,0.000342790230069491
17655,-1.72011265352663,4.82073488778119,0.699999999999847,0.00034333022461336
17659,-1.88359788392318,5.22545299627584,0.699808612440037,0.000343209985469074
17664,-1.86098505700797,5.2220462342829,0.699617224880228,0.00186366409706105
17668,-1.83818662814864,5.21867387157702,0.599425837320425,0.0022043001159413
17672,-1.90608643641713,5.17323017941028,0.599234449760615,0.000344052587846924
17677,-1.88332391030053,5.17024162851583,0.599043062200806,0.000344596570033233
17681,-1.76983959528732,5.20954447479969,0.5987559808611,0.00186150330620226
17686,-1.74695064663949,5.20677830707836,0.49846889952137,0.00185970391665867
17690,-1.72411861979042,5.20420430412915,0.498181818181649,0.000344899337692838
17694,-1.70134015233294,5.2018234301068,0.497894736841943,0.000345446002896918
17699,-1.6785190142795,5.19965974075775,0.497607655502222,0.002206414300675
17703,-1.56506709752238,5.23975787758278,0.397320574162507,0.00185756237949182
17708,-1.54219667703711,5.23778911479027,0.3970334928228,0.000346299633824832
17712,-1.5193640994761,5.23542150797617,0.396746411483079,0.000346177306197919
17717,-1.49657114587134,5.2332486591293,0.396459330143372,0.00185960878643814
17721,-1.38318363248906,5.27353305629453,0.296172248803643,0.00220324424450509
17725,-1.36042689781044,5.27155562728569,0.295885167463922,0.000347034559680758
17730,-1.33770296599521,5.26977422045892,0.295598086124215,0.00034758801991876
17734,-1.31500841098853,5.26818937844799,0.295311004784494,0.00185748018885647
17739,-1.20161332530355,5.3090634101852,0.194928229664882,0.00185571192266985
17743,-1.17887151722211,5.30787308605803,0.194545454545263,0.000347896069410137
17747,-1.15612970914066,5.30668276193087,0.194162679425645,0.00185668067130768
17752,-1.13340695020026,5.30569027069767,0.093875598085944,0.00220205573619114
17756,-1.02006900613592,5.34715774085494,0.0935885167462231,0.000348761867163175
17761,-0.997361840775241,5.34636338483814,0.0933014354065165,0.000349320855064648
17765,-0.974750136089231,5.3455623535607,0.0930143540668098,0.00185457272815136
17770,-0.952054972851961,5.34496136650336,-0.0073684210528171,0.00185282425148486
17774,-0.929359809614695,5.34436037944603,-0.00775119617242126,0.000699825752906956
17779,-0.906760209012333,5.34375438416321,-0.00803827751214214,0.00185313615879288
17783,-0.884160608409971,5.3431483888804,-0.108325358851843,0.00185139755909046
17788,-0.861474128990768,5.3427442894449,-0.10861244019155,0.000350506455437876
17792,-0.838883285057403,5.34233685034464,-0.108899521531271,0.000351071054229656
17797,-0.816196747344133,5.34192941124438,-0.109186602870977,0.0018517110298423
17801,-0.793605845116705,5.34151863247936,-0.209569377990604,0.00184998229578502
17806,-0.770924495974796,5.3405066224878,-0.209856459330325,0.000703338058201132
17810,-0.944452836777465,5.75084860026811,-0.210143540670032,0.000351826393753418
17814,-0.921776865126546,5.75003860819901,-0.210430622009738,0.00185140503501832
17819,-0.89910089347563,5.74922861612991,-0.310717703349454,0.00184791397660957
17823,-0.876520601029991,5.74841695397407,-0.31100478468916,0.000352838879724307
17828,-0.853844629379076,5.74760362173149,-0.31119617224897,0.0003527118894509
17832,-0.831266173336335,5.74699905033146,-0.31148325358869,0.0018500061918701
17837,-0.89847144271824,5.70255569416578,-0.411770334928391,0.00220024988765955
17841,-0.875797307470219,5.70194945267902,-0.411961722488215,0.000353601853723159
17846,-0.853123186796829,5.70134154110551,-0.412153110048024,0.00184861881910232
17850,-0.83054475990334,5.700733629532,-0.512344497607828,0.00184513825043538
17855,-0.807870653804578,5.70012404787175,-0.512535885167637,0.000354624599169731
17859,-0.78529224148572,5.6995144662115,-0.512727272727446,0.000709570177319808
17864,-0.762711949040085,5.69912032574076,-0.512918660287255,0.000354945252982337
17868,-0.830122741744312,5.65427967512407,-0.513014354067167,0.000355524254240793
17873,-0.807749809023896,5.65327780927303,-0.51311004784705,0.00184702393889427
17877,-0.785360874988811,5.65288700897577,-0.613301435406854,0.00184533749784455
17881,-0.76306762015901,5.65249787876526,-0.613397129186765,0.000355846537804226
17885,-0.830749449164401,5.60827330396257,-0.613492822966677,0.000356428485632168
17890,-0.808647552745157,5.60788751392554,-0.613588516746574,0.000356298898818966
17894,-0.786737014736467,5.60750506406199,-0.613588516746574,0.00184678640486052
17898,-0.854705881357688,5.56328549951952,-0.713684210526495,0.00220065005475925
17902,-0.832891022554275,5.56290471974271,-0.713779904306406,0.000357207079959362
17906,-1.01131116120368,5.9639429808797,-0.713779904306406,0.000357793489995412
17911,-1.07878831322966,5.91816649130241,-0.713779904306406,0.000357662908913348
17915,-1.05725437132062,5.91802446270803,-0.713875598086318,0.000358250817761764
17919,-1.03572042941159,5.91788243411365,-0.713875598086318,0.000358119902712781
17923,-1.10338277540724,5.87234469521008,-0.713875598086304,0.000358709316127518
17928,-1.08204010446988,5.87220934594521,-0.713971291866201,0.00184567973502438
17932,-1.06079306901837,5.8720773363451,-0.813971291866196,0.00184401747444085
17936,-1.03954603356685,5.87194532674499,-0.813971291866196,0.000359037402754576
17940,-1.10739965053418,5.82641426717092,-0.813971291866196,0.000359629842680331
17944,-1.08635022537299,5.82604684808803,-0.813971291866196,0.000359497918007171
17949,-1.0653008002118,5.82567942900514,-0.813971291866196,0.000360091879937643
17953,-1.04425137505061,5.82531200992225,-0.813971291866196,0.00072051472206102
17957,-1.02329762909471,5.8249462609261,-0.813971291866196,0.00036042250167603
17961,-1.00243956234407,5.82458218201669,-0.813971291866196,0.000361019525263667
17965,-1.07068214801228,5.77881905313333,-0.813971291866181,0.000360886579241716
17970,-1.04991976046693,5.77845664431066,-0.813875598086298,0.000361485142543413
17974,-1.02925305212685,5.77809590557473,-0.813875598086298,0.000361351853434997
17978,-1.00858634378678,5.77773516683881,-0.813875598086298,0.000361951962414058
17982,-0.988110993857259,5.77737776827636,-0.813779904306401,0.000361818328889385
17986,-0.967637786397791,5.77677486696307,-0.813684210526489,0.000362419989541437
17991,-0.947164578938324,5.77617196564978,-0.813684210526489,0.000362286010263834
17995,-1.01598339688287,5.73017168444928,-0.813588516746577,0.000362889228613907
17999,-0.995701562408581,5.72957045322273,-0.81349282296668,0.000362754902239775
18003,-0.975515407139572,5.72897089208292,-0.813492822966694,0.000363359684345665
18007,-1.15841432137248,6.11849411971099,-0.813397129186782,0.000363225009524433
18011,-1.13832385988337,6.11789455857118,-0.813301435406871,0.000363831361474588
18015,-1.11832907759955,6.11729666751811,-0.813205741626973,0.00036369633684867
18019,-1.09842998909562,6.11669877646505,-0.813014354067164,0.00036430426476312
18023,-1.16691915288894,6.06890488620907,-0.812822966507355,0.00036416888896787
18027,-1.1472040334601,6.06865270311127,-0.812631578947531,0.000364778398999153
18030,-1.21578367331715,6.02145336373488,-0.812440191387708,-0.00112020581418564
18034,-1.28455468615939,5.97425235427174,-0.712153110048021,-0.00112184790020098
18038,-1.3534213782069,5.92704967472187,-0.7118660287083,0.000365117686738411
18042,-1.42228807025442,5.879846995172,-0.711578947368594,0.000365730379587488
18046,-1.4911547477273,5.83264264553539,-0.711196172248975,0.000365593942025048
18049,-1.4717266659143,5.83238545217737,-0.710813397129343,0.000366208235640713
18053,-1.54068224607942,5.78492064786156,-0.710430622009738,0.000366071441378809
18057,-1.60973346173039,5.737452503881,-0.710143540670018,0.000366687342041519
18061,-1.67878467738135,5.68998435990044,-0.709856459330311,-0.00112055147951636
18065,-1.74793152851815,5.64251287625513,-0.609473684210684,-0.00112219399842297
18068,-1.72868792658916,5.6419885488884,-0.608995215311168,0.000367030191834672
18072,-1.7978347194319,5.59451372557833,-0.608516746411652,0.000367649325570193
18076,-1.86707714776047,5.5470355626035,-0.608038277512136,0.000367511452776568
18080,-1.93631957608905,5.49955739962867,-0.607559808612606,-0
18084,-2.00565763990346,5.45207589698909,-0.607081339713105,0.000368132212602756
18087,-2.07498404756838,5.40432742463405,-0.606602870813589,-0.00112136772466479
18091,-2.0561112585823,5.40352110033213,-0.506028708134167,-0.00112301224512144
18095,-2.12553309773711,5.35576261152614,-0.505454545454739,0.000368477770878199
18099,-2.19495493689193,5.30800412272015,-0.504880382775312,0.000369101802163912
18103,-2.45924930188378,5.6191561784886,-0.504306220095899,0.000368962838032841
18107,-2.52793391510155,5.56985887571108,-0.503732057416457,0.000369588514754844
18110,-2.50915655760537,5.5690425349582,-0.503157894737043,-0.00112217943095254
18114,-2.57784103967814,5.51974022395521,-0.402583732057607,-0.0011238259263862
18118,-2.64652552175088,5.47043791295223,-0.401913875597998,0.000369936813734283
18122,-2.71520987267866,5.42113059372376,-0.401244019138673,0.000370565800913375
18126,-2.69633655911258,5.42030423651992,-0.400574162679348,0.000370425732435601
18129,-2.76502605491002,5.371596480466,-0.399904306220009,-0.00112341168905353
18133,-2.83361987150219,5.32289039449882,-0.299234449760689,-0.00112470097703751
18136,-2.90221357152399,5.27418097039291,-0.298564593301364,-0
18140,-2.88334530083185,5.27395250831162,-0.297894736842039,0.000371548269161906
18143,-2.95192175496315,5.22495968415882,-0.297224880382714,0.000371407457123285
18147,-3.02040252988919,5.17596853009275,-0.296459330143477,-0.00112470974886695
18150,-3.28149116064094,5.46723520724809,-0.195693779904246,-0.00112600201973311
18154,-3.26250974632242,5.46672001003275,-0.19492822966501,0.000372535960828175
18157,-3.33014674260528,5.41681421235333,-0.194162679425773,0.000372394399292107
18161,-3.39778373888813,5.36690841467391,-0.193492822966434,-0
18164,-3.46542056035982,5.3169992813986,-0.192822966507094,-0.00112600955451705
18168,-3.53286628567099,5.26710016304868,-0.0921531100477608,-0.00112730481573477
18171,-3.51368719406128,5.26691799438962,-0.0914832535884216,0.000373528917679219
18175,-3.580919677708,5.21674750565778,-0.0908133971290965,0.000373386600645734
18178,-3.56142693250858,5.21629940063205,-0.0901435406697715,-0.00112731109619049
18182,-3.5418390177498,5.21586129833007,0.0105263157895479,-0.0011286093552205
18185,-3.60882188021673,5.16514441441441,0.0111961722488729,-0
18189,-3.58910722181223,5.16443919263686,0.011866028708198,0.000374527181929069
18192,-3.56939256340772,5.16373397085932,0.012535885167523,0.000374384103333987
18196,-3.82837011404681,5.43909176368156,0.0131100478469364,-0.00112861436382504
18199,-3.80864695060347,5.43873902731857,0.113684210526372,-0.00112991562811872
18203,-3.87450502218606,5.38662325361077,0.1142583732058,0.000375530796244038
18206,-3.85464636369842,5.38601128739397,0.114832535885213,0.000375386949958102
18210,-3.83474222224896,5.38512752571465,0.115311004784729,-0.00150537634408595
18213,-3.90046057089334,5.33275657359482,0.215789473684239,-0.00113165768455771
18217,-3.8804122743088,5.33162011086988,0.216267942583755,0.000375890390684114
18220,-3.86036560474351,5.33049689915347,0.216650717703374,0.000376539803749233
18224,-3.92598139041758,5.2776031106296,0.217033492822978,-0.00113129712411505
18227,-3.90588044602145,5.27621312959674,0.31741626794259,-0.00113296906476884
18231,-3.8856858989841,5.27484304441946,0.317799043062195,0.000376901334092552
18235,-3.95114952117259,5.22170500085249,0.318086124401901,-0
18238,-3.93089641329086,5.22007076477653,0.318277511961711,0.000377554248034675
18242,-3.99629958485447,5.16668777476515,0.318468899521534,0.000377408847714572
18246,-3.97598602634787,5.16480859224477,0.318564593301431,-0.00113253441799302
18249,-3.95551270901598,5.16269384780815,0.418660287081337,-0.00113384474268256
18253,-3.9350393916841,5.16057910337152,0.418755980861249,0.000378574173160621
18257,-4.00028280442243,5.10696055144389,0.418755980861249,0.000378427986362623
18260,-3.97964608780326,5.1046146785519,0.418755980861263,0.000379086204938336
18264,-4.15132902446318,5.41626690860387,0.418755980861263,0.000378939622506298
18268,-4.13042981140891,5.41369940376786,0.41856459330144,-0.00151234567901243
18271,-4.19433540797029,5.35813997250853,0.518373205741639,-0.00113508352934845
18275,-4.17335684354115,5.35532079726438,0.51818181818183,0.000379452643991198
18279,-4.15219170628415,5.35253620124996,0.517894736842109,0.000380114434985573
18282,-4.2158313786428,5.29675967881221,0.517607655502403,0.000379967056451923
18286,-4.19458303978875,5.29372641943579,0.51722488038277,0.000380630644571446
18290,-4.17318658726213,5.2913494602145,0.516746411483254,0.000380482865552707
18293,-4.15170316354403,5.28872690192493,0.516267942583724,-0.00113412399574824
18297,-4.21502454944158,5.23311241721204,0.615789473684217,-0.00113543800338632
18301,-4.19344988148339,5.23024581511671,0.615215311004789,-0
18304,-4.17169041501068,5.22742018186571,0.614545454545464,0.000381667281390889
18308,-4.23473575815362,5.17160262219138,0.613875598086125,0.000381518696489166
18311,-4.21279268857049,5.16857197619334,0.613110047846888,0.000382187720126773
18315,-4.19084961898737,5.16554133019531,0.612344497607651,0.000382038729809277
18319,-4.16872236300187,5.16255320697882,0.611578947368415,-0.00113491071333415
18322,-3.95782757292067,4.8515244647731,0.710717703349275,-0.00113622654566012
18326,-3.93561159120746,4.84857218907752,0.709760765550243,-0
18330,-3.91321142309187,4.84566243616347,0.708803827751197,0.000383232867241761
18333,-3.79405106155058,4.48146453261131,0.707846889952151,0.000383083061099009
18337,-3.77156216770729,4.47859062721816,0.706794258373208,0.000383757587312809
18341,-3.74888908746162,4.47575924460657,0.705645933014367,0.000383607370742328
18344,-3.72612077552542,4.47269795235613,0.704497607655512,-0.00113569188747374
18348,-3.52622172788826,4.15675222771884,0.803349282296665,-0.00113700953288444
18352,-3.50318178209969,4.15377239180627,0.802009569377987,0.000384811349953543
18356,-3.48019123781998,4.15142026157928,0.800669856459336,0.000384660307451314
18360,-3.45711260695141,4.1491055218909,0.799330143540672,-0
18364,-3.26238420062432,3.83083513877979,0.797990430621994,0.00038534040440852
18368,-3.23912215353072,3.82856612989248,0.796555023923432,-0.00113655018405105
18371,-3.21577201984828,3.82633451154379,0.895023923444981,-0.0011382348386788
18375,-3.02631257114317,3.50520133470288,0.893492822966508,0.000385719040333393
18379,-3.0026837873983,3.50279642432407,0.891961722488034,0.000386402889546985
18383,-2.97896758303548,3.50043043611207,0.890430622009575,0.000386250595316251
18387,-2.95533089027239,3.49799494382893,0.88880382775119,0.000386936332313528
18391,-2.7713586626448,3.17376185859932,0.887081339712921,0.000386783617380561
18395,-2.83792446555543,3.12800422042851,0.885358851674638,-0.00113723710343167
18399,-2.81458733810405,3.12578940928072,0.98363636363635,-0.00113855833892907
18403,-2.79133693867058,3.12353415619401,0.981818181818184,0.000388007648700309
18406,-2.85813939990281,3.07736090455055,0.979904306220092,0.000387854087116247
18410,-2.68186887347839,2.75362547066016,0.977990430622,-0
18414,-2.74957144500894,2.70867252647199,0.976076555023923,0.000388545534605555
18418,-2.72672924683548,2.70593945906585,0.974066985645933,0.000388391547053222
18422,-2.70405906666132,2.70312249287564,0.972057416267944,0.000389084913897799
18426,-2.77210567419046,2.65800175111932,0.970047846889955,-0.00113754925217664
18430,-2.60349257477502,2.33425023972204,1.06803827751197,-0.00113923536164003
18434,-2.67248551492276,2.29030623025153,1.06602870813398,0.000389470947982952
18438,-2.65020917308846,2.28699244102165,1.0639234449761,0.000390168177593067
18442,-2.6281033588186,2.28359176365784,1.06181818181821,0.000390012901447153
18445,-2.69743735409522,2.23947397791949,1.05971291866031,0.000390712074555582
18449,-2.67558733117201,2.2359429683548,1.05751196172251,-0.00113830478916373
18453,-2.60668514117948,1.8731851101437,1.15531100478471,-0.00153124999999996
18457,-2.58505343455094,1.86925895772671,1.15311004784691,0.000391257490027464
18461,-2.56357806574146,1.86591845726088,1.1509090909091,0.000391101345812251
18465,-2.63415318227722,1.82350484394611,1.1487081339713,0.000391804430375789
18469,-2.61281122926869,1.82042063284937,1.1465071770335,-0.00113960215060644
18473,-2.64466182510944,1.42314930861688,1.2443062200957,-0.00114129342037355
18477,-2.71603825755759,1.38260443817854,1.2421052631579,0.000392195882420905
18481,-2.88013307546242,1.30459890839862,1.23990430622009,0.00039290291135513
18485,-2.95163843052542,1.26431261672204,1.23770334928229,0.000392745451323246
18490,-2.99432730436722,0.878031432162256,1.23550239234449,-0.00114080759216386
18494,-3.06647231662327,0.839369004872744,1.3333014354067,-0.00114213714188095
18498,-3.23188936252938,0.764911732020741,1.33110047846888,0.000394007569157108
18502,-3.39730640843549,0.690454459168738,1.32889952153108,0.000393849222652178
18506,-3.35702470791909,0.351293628765768,1.32669856459329,0.000394562230670097
18511,-3.52387070320054,0.280994426640866,1.32449760765549,-0.00114164671862104
18515,-3.59674743640338,0.244897238848532,1.42229665071767,-0.00114334308243419
18519,-3.76368819417944,0.174584718723538,1.42009569377987,0.000394959215542171
18523,-3.73307682140821,-0.154109788123583,1.41789473684207,0.000395676251851012
18527,-3.90130189735693,-0.220870509670054,1.41569377990427,0.00039551656153406
18532,-3.97497511574571,-0.255074415770811,1.41349282296648,0.000396235624802502
18536,-4.14320019169442,-0.321835137317283,1.41129186602866,0.000396075482744977
18540,-4.12153340949686,-0.640680074665238,1.40909090909086,-0.00153846153846158
18544,-4.29089253398912,-0.703829733607959,1.50688995215307,-0.00114408392156502
18548,-4.36532765487302,-0.735489049490422,1.50468899521527,0.000396635985861999
18553,-4.44731091152165,-1.07606379254091,1.50258373205737,0.000397359128918706
18557,-4.52244702955002,-1.10613336053537,1.50047846889948,0.000397198077610413
18561,-4.59778308346821,-1.13597029096913,1.49837320574158,0.000397923273594402
18565,-4.59191404751945,-1.44028639097789,1.49626794258369,0.000397761764754054
18569,-4.66792903679355,-1.46850070384725,1.49416267942581,0.000398489022419702
18574,-4.74412726742604,-1.49676583404277,1.4920574162679,0.000398327054094815
18578,-4.82050873941692,-1.52508178156446,1.48995215311002,0.00039905638224674
18582,-4.91914951785731,-1.84814526759319,1.48784688995213,0.000398893952473705
18586,-4.99648292052353,-1.87396862323196,1.48574162679423,0.000399625359966003
18590,-5.07399990100597,-1.89984288950492,1.48363636363634,0.000399462466770007
18595,-5.0834406816687,-2.18932930507288,1.48162679425835,0.00040019596250795
18599,-5.16167246994242,-2.21358138408023,1.47961722488036,0.000400032603902895
18603,-5.24010063256842,-2.2375814745145,1.47760765550237,0.000400768196842776
18607,-5.25637557871826,-2.52128478241337,1.47559808612439,0.000400604370831199
18612,-5.33557950062558,-2.54368648122369,1.47358851674641,0.00040134206997977
18616,-5.41496758524809,-2.56613752628482,1.47157894736841,0.000401177774552761
18620,-5.43789486248799,-2.8436057877216,1.46956937799042,0.000401917588969541
18625,-5.61577162824032,-2.88458908822996,1.46755980861243,0.00040175282210666
18629,-5.69612230370963,-2.90453622972655,1.46555023923445,0.000402494760902545
18633,-5.72566019573636,-3.17449696226321,1.46354066985645,0.00194321002371639
18637,-5.80644188927245,-3.19306633104802,1.36153110047846,0.0019415351313714
18642,-5.78906086446377,-3.19255480029518,1.35952153110047,0.000402907877067396
18646,-5.86993649361551,-3.21114242831399,1.35751196172249,-0
18650,-5.9053139526026,-3.47544211288792,1.35550239234449,0.00040365409216423
18654,-5.88813170773324,-3.47466711104559,1.3534928229665,0.000403487898754565
18659,-5.9695238408063,-3.49127682282554,1.35148325358851,0.000404236265879212
18663,-5.91162445754177,-3.73497633199351,1.34947368421054,0.00194253113129656
18667,-5.99349185465557,-3.74990446422194,1.24746411483254,0.00194087027805023
18672,-6.07524417468584,-3.76512473664633,1.24545454545455,0.000404652966552195
18676,-6.05832126329781,-3.76472145842227,1.24344497607656,0.000405405665755404
18680,-6.10453197961143,-4.01933074239725,1.24143540669859,0.000405238027191932
18684,-6.08783208310094,-4.01836361915391,1.23942583732058,0.0019426794158115
18689,-6.17013207651297,-4.03162541975281,1.13741626794259,0.00193883601090433
18693,-6.22131557535292,-4.28197022527077,1.13540669856462,0.000406581851087653
18697,-6.20477524419984,-4.28135776860703,1.13339712918663,0.000406413238590865
18701,-6.28748952821089,-4.2929322462838,1.13138755980864,0.0019414560318325
18706,-6.2441723235258,-4.52817728590667,1.02937799043063,0.00193761746131449
18710,-6.32728309245606,-4.53777540110918,1.02736842105266,0.000407764881107371
18714,-6.31094167184949,-4.53692066998493,1.02526315789476,0.000407595286165123
18719,-6.37155489431499,-4.77925854624241,1.02315789473687,0.00194024704248161
18723,-6.35504949376794,-4.77829442729221,0.921052631578988,0.0019364132464872
18727,-6.33832992679233,-4.77756950447337,0.918947368421072,0.000408954815736139
18731,-6.32152975504659,-4.77678684819731,0.916842105263186,0.00193764538418298
18736,-6.30479492064512,-4.7753821421792,0.814736842105276,0.00152647975077881
18740,-6.28788663020786,-4.77389655228325,0.812631578947389,0.000409552391196482
18744,-6.25263472579387,-5.00554549246846,0.810526315789502,0.0019358610571864
18748,-6.23543357522042,-5.00422564097043,0.708421052631607,0.00193425746987471
18752,-6.2181528397411,-5.00284665806107,0.70631578947372,0.00040998012982906
18757,-6.10102969023616,-4.99445007838525,0.704210526315833,0.00193549735774558
18761,-6.08358336085133,-4.99297001467251,0.602105263157924,0.00193168229043014
18765,-6.06584056215692,-4.99165566288792,0.600000000000023,0.000411355642028916
18769,-6.04810493277372,-4.99032263440911,0.597799043062238,0.00193292217811003
18774,-6.01567046572156,-5.22463755253873,0.495598086124431,0.00193134010453356
18778,-5.9974174303344,-5.22395174020237,0.493397129186633,0.000411787157588334
18782,-5.97907990235462,-5.22322100235761,0.491196172248834,0.0019325861402754
18786,-5.86080328697982,-5.21718996829238,0.388995215311056,0.00192878252967901
18790,-5.84222063989525,-5.21630267883465,0.386794258373257,0.00193084229575997
18795,-5.82352203089308,-5.21562258433354,0.284593301435436,0.00192704553960311
18799,-5.8046560305594,-5.21484970330223,0.282392344497637,-0
18803,-5.77556840029111,-5.45155537444943,0.280191387559853,0.00192910752035183
18807,-5.75691721806471,-5.45117304273656,0.17799043062206,0.0019253175768655
18812,-5.63858555089082,-5.44741960555398,0.175885167464159,0.000414396608405224
18816,-5.62022223878357,-5.44748349890868,0.173779904306258,0.001926567132351
18820,-5.60203380352101,-5.4476198286242,0.0715789473684652,0.00192502561330864
18824,-5.58386630462742,-5.44808827233003,0.0693779904306524,0.000414834530943372
18829,-5.56586111158957,-5.44865813599074,0.0671770334928539,0.00192628143896757
18833,-5.44822090209745,-5.4452913231723,-0.035023923444939,0.00192250258076584
18837,-5.4304492725157,-5.44570322179697,-0.037320574162635,0.000416242865656374
18841,-5.42334398729785,-5.20559621589941,-0.039617224880331,0.00192375845440456
18845,-5.40589337994307,-5.20621658879586,-0.141913875598036,0.00192223829009173
18850,-5.38844196559715,-5.20718492389802,-0.144210526315746,0.000416684701112502
18854,-5.27120693151478,-5.20297317465852,-0.146507177033442,0.00192350050943968
18858,-5.25399351838586,-5.20410204360858,-0.248899521531058,0.00191973254359723
18862,-5.23676849569305,-5.20558568975723,-0.251291866028666,-0
18867,-5.21970024851109,-5.2071791113004,-0.253684210526274,0.000418105647757791
18871,-5.20278877684001,-5.20888230823809,-0.256076555023881,0.00192099482856037
18875,-5.08591331512029,-5.20565834088024,-0.358468899521483,0.001919495982501
18880,-5.06905564266441,-5.20778046393182,-0.360956937799003,0.000418551448811021
18884,-5.05235280599694,-5.21001508176852,-0.363444976076508,0.000419356792851442
18888,-5.03564996932946,-5.21224969960522,-0.365933014354013,0.00191994311729007
18892,-5.01894713266199,-5.21448431744192,-0.468325358851644,0.00191845612557667
18897,-4.90238134251905,-5.21148533965433,-0.470813397129149,0.000419805267370635
18901,-4.78596685765736,-5.20794077264834,-0.473301435406668,0.000420615448308499
18905,-4.66947495490146,-5.20433995824979,-0.475789473684188,0.00191890594585625
18909,-4.55307503891073,-5.2007655206317,-0.578277511961687,0.00191743081969421
18914,-4.43676710968515,-5.19721745979407,-0.580861244019104,0.000421066620414967
18918,-4.32055116722474,-5.1936957757369,-0.583444976076521,0.000421881681956419
18922,-4.22008983360231,-4.93411886119283,-0.586028708133938,0.000421700143623895
18927,-4.10416441312169,-4.92890787894647,-0.588612440191369,-0
18931,-3.98833097940624,-4.92372327348056,-0.591291866028669,0.000422517662022309
18935,-3.87231077831724,-4.91879106963395,-0.593971291865998,0.000422335576062935
18939,-3.75630613954267,-4.91382765261343,-0.596555023923429,0.000423155562443482
18944,-3.64039348753327,-4.90889061237338,-0.599234449760743,0.00191915613248252
18948,-3.52457282228903,-4.90397994891378,-0.701913875598066,0.00191769783095515
18952,-3.50860054883593,-4.90607130960906,-0.704688995215292,0.000423612203257504
18956,-3.39296385712201,-4.90121339971038,-0.707464114832518,0.000424437159248454
18961,-3.27741915217326,-4.89638186659217,-0.710239234449745,0.00042425341545819
18965,-3.16196643398966,-4.89157671025441,-0.713110047846882,0.000425080873212992
18969,-3.0680125448449,-4.6136030305612,-0.715980861244006,0.000424896571778547
18974,-2.95278874864327,-4.60708432410355,-0.718947368421055,0.000425726542694942
18978,-2.83792013103108,-4.60039718276144,-0.721913875598077,0.000425541681073864
18982,-2.82276296999322,-4.60245199247456,-0.724880382775112,-0
18986,-2.70815574380556,-4.59587385208594,-0.727942583732059,0.000426374176618786
18991,-2.69333739208642,-4.59809391014511,-0.731004784688992,0.000426188752253148
18995,-2.57889957055811,-4.59159839392951,-0.734162679425836,0.000427023783963476
18999,-2.56425062349834,-4.59390107616171,-0.737320574162695,0.00042683779427975
19003,-2.42779870150651,-4.86935634197637,-0.740478468899539,0.000427675373762478
19007,-2.41322717234094,-4.87171527160112,-0.743636363636369,0.000427488816171421
19012,-2.39882504783472,-4.87415682539891,-0.746889952153111,0.000428328955104795
19016,-2.28466651830252,-4.86962273182228,-0.750239234449751,0.00042814182700133
19020,-2.2703418116905,-4.87212053301262,-0.753492822966493,-0.00106557184173244
19024,-2.15635268681767,-4.86766906360902,-0.656842105263152,-0.00106673171855078
19028,-2.14219738486501,-4.87024948897239,-0.660191387559806,-0
19033,-2.12811950080655,-4.87288616172832,-0.663636363636357,0.00042964212905354
19037,-2.01437719848726,-4.86857356389031,-0.666985645933011,0.000429453852046067
19041,-2.00046871908816,-4.87129286081927,-0.670430622009562,0.000430301740117716
19045,-1.88699489732654,-4.86676865039865,-0.673875598086127,0.000430112884686361
19049,-1.87344785511149,-4.86930135183016,-0.677416267942576,0.000430963379641301
19054,-1.85997920065187,-4.87188894095894,-0.680956937799053,0.000430773943116417
19058,-1.74657570765131,-4.86774159146697,-0.684497607655501,0.000431627056995682
19062,-1.73300062150427,-4.87000920943003,-0.688038277511964,0.000431437036691166
19066,-1.71934811746304,-4.87222058000052,-0.691674641148325,-0
19071,-1.80527239149255,-4.88164112825835,-0.695215311004787,0.000432292781610471
19075,-1.77375321788323,-5.17326661966138,-0.698851674641148,0.00043210217482364
19079,-1.75964741815379,-5.1759109843437,-0.702392344497611,0.000432960562972558
