alt,u,v,temp,bv2
12664,-9.91860802259194,-1.13993478700202,-1.17360482654618,0.000304983722144426
12668,-9.92601759839824,-1.12865666553757,-1.17560240963873,0.00198246562510499
12673,-9.86269421164737,-1.04670178511676,-1.27759398496259,0.00197932817884805
12677,-9.87031936686846,-1.0346665825835,-1.27957957957975,0.0018276254181653
12681,-9.59044570798147,-1.3152051197115,-1.38155922038997,0.00182495850916215
12686,-9.52594809838959,-1.23373232497081,-1.3833832335331,0.000459135092076667
12690,-9.53336223752981,-1.22176126251576,-1.38520179372213,0.00197893155068776
12694,-9.54075424491139,-1.20982593457551,-1.48701492537329,0.00182327519270065
12698,-9.47619023945023,-1.12846034433731,-1.48882265275723,0.000460140118203805
12703,-9.4835382795748,-1.11659600707714,-1.49062500000014,0.00197758553263621
12707,-9.49096397360032,-1.10390790289265,-1.59227340267474,0.00182160207665593
12711,-9.49836763292547,-1.09125744886896,-1.59391691394674,0.00182224534309711
12716,-9.43381537544839,-1.00917864062609,-1.69555555555571,0.00197351110465664
12720,-9.15524440811296,-1.29791123334863,-1.69718934911258,0.000461583453910919
12724,-9.16258254861536,-1.28537272975625,-1.69881831610059,0.00182058346288987
12728,-9.09662189351249,-1.20463072241663,-1.80029498525089,0.00181794744306389
12733,-9.10400009551167,-1.19131554015881,-1.80176730486025,0.000462672039074215
12737,-9.11135659691673,-1.17803952020176,-1.80323529411781,0.00197310718780503
12741,-9.11869149332501,-1.16480249002431,-1.90469897210001,0.00181630334685023
12745,-9.05286950961122,-1.08340444211093,-1.90615835777142,0.0018169488878337
12749,-9.06016148057927,-1.07024487796926,-2.00746705710118,0.00196908743303705
12753,-9.06729091276872,-1.05708595304364,-2.00877192982473,0.000464131327583041
12758,-8.71709807395266,-1.28587847658826,-2.0100729927009,0.00181531599849667
12762,-8.72439363125389,-1.27199324000912,-2.11137026239085,0.00181270284086032
12766,-8.73166794966923,-1.2581484262439,-2.11251819505112,0.00031004429425978
12770,-8.66460663926237,-1.17743079839443,-2.11366279069784,0.00196903314540056
12774,-8.67183875720254,-1.16366630249352,-2.21480406386083,0.00196596404442275
12778,-8.67904991248203,-1.14994170368217,-2.21594202898567,0.00181173546199234
12782,-8.61178529450003,-1.06930875770536,-2.31693198263402,0.0018091374341853
12786,-8.61881478373467,-1.05562852521225,-2.31791907514467,0.000311076628513794
12790,-8.6260150623244,-1.04119188308591,-2.31890331890347,0.0019659880602926
12795,-8.558880108284,-0.959883784479665,-2.41988472622494,0.00196293398007285
12799,-8.56603897627765,-0.945530171079003,-2.42086330935266,0.000311768679064995
12803,-8.49886279026381,-0.864304743057971,-2.42183908045991,0.000311942173096103
12807,-8.50598060388083,-0.850033444158871,-2.42266857962711,0.00196500160770512
12811,-8.51307802261642,-0.835803037233692,-2.52349570200587,0.00196195434106028
12815,-8.44570125659547,-0.754668104305551,-2.52432045779699,0.000312638084457946
12819,-8.45279399702467,-0.739698186822356,-2.525142857143,0.00180695349650139
12823,-8.45986650138987,-0.724770979517427,-2.62596291012854,0.00180437771203218
12827,-8.39260437362225,-0.642973239232752,-2.62678062678077,0.000469911972511132
12832,-8.39963666480413,-0.628130905756503,-2.62759601706985,0.00196196684923122
12836,-8.33233449533832,-0.546417677364474,-2.72826704545469,0.00180281121626549
12840,-8.05252099764813,-0.855834614634944,-2.72893617021291,0.000313863430069684
12844,-8.05949360908808,-0.841118241049809,-2.72960339943357,0.000314039263977971
12848,-7.9909755380038,-0.760837595042528,-2.73026874115997,0.00196133254224313
12852,-7.92243782599596,-0.680598403111823,-2.83093220338999,0.00195830648364779
12856,-7.8540395667214,-0.599618928029873,-2.83159379407633,0.000314744574165277
12860,-7.86109234237407,-0.584288661684109,-2.83225352112692,0.000314921397014326
12864,-7.79279238386808,-0.503422452259592,-2.83291139240523,0.00180243924741418
12868,-7.72447228210503,-0.422599108864635,-2.93356741573049,0.00195769435741198
12873,-7.65613212183914,-0.341818451137271,-2.93422159887814,0.000473274755518194
12877,-7.58777198734985,-0.26108029972595,-2.93487394957999,0.00180089632019753
12881,-7.59486292046735,-0.245990379181549,-3.03552447552463,0.00179834970351149
12885,-7.52646308848684,-0.165336706354143,-3.0361731843577,0.000316164741890325
12889,-7.45804353230537,-0.0847250077803707,-3.03682008368217,0.000316343164486682
12893,-7.38960433433603,-0.00415510808034725,-3.03746518105866,0.00195803653038594
12897,-7.39661653455574,0.0107672642510828,-3.13810848400574,0.00195503105780278
12901,-7.32828186579539,0.0920287086911458,-3.13875000000018,0.000317058873227763
12905,-6.9653575553492,-0.171834260423623,-3.13938973647729,0.000317238306715588
12909,-6.89598610227242,-0.0920106497038162,-3.1400277008312,0.000317417943411937
12913,-6.82659464092113,-0.0122300399515147,-3.14066390041512,0.00195741302214757
12917,-6.83378769851444,0.00322898604544264,-3.24129834254161,0.00195441380464618
12922,-6.76435646887836,0.0829241274220962,-3.24193103448294,0.000318138529208751
12926,-6.69504112677113,0.162552880949459,-3.24269972451808,0.000318319187147422
12930,-6.62570573211314,0.24213940616167,-3.24346629986263,0.00179687004767289
12934,-6.55648564332875,0.321660024304855,-3.34423076923095,0.00179434485071065
12938,-6.48724529568148,0.401138826653316,-3.34499314128963,0.000478468681998098
12942,-6.41798477242689,0.480575985052798,-3.34575342465772,0.000478663159170214
12946,-6.05020803369588,0.197679734200744,-3.34651162790716,0.00179555167846165
12950,-5.97993160787425,0.275663704644245,-3.44726775956303,0.00179303356630261
12954,-5.90976923994436,0.353582915632849,-3.44802182810386,0.000319771870722569
12958,-5.83958629373596,0.431461289640843,-3.44877384196203,0.000480107876100686
12962,-5.7695168406914,0.509275367747378,-3.44952380952399,0.00195422882951656
12966,-5.69942661280146,0.587049005530538,-3.55027173913061,0.00179173413790652
12971,-5.55160109848561,0.727714406709921,-3.55101763907751,0.000320686550279684
12975,-5.48160301692706,0.805384127234582,-3.55176151761535,0.0017925825680914
12979,-5.10954282993941,0.503296105156377,-3.65250338295012,0.00179007867480956
12983,-5.03854966862617,0.579496858895144,-3.65324324324342,0.000482034521541202
12988,-4.9675354333209,0.655658113022017,-3.65398110661287,0.00048223190883906
12993,-4.89663293264526,0.731756624519573,-3.65471698113225,0.00195261313759864
12998,-4.82570917066496,0.807816017944539,-3.75545087483194,0.00194964698417617
13004,-4.75476423311105,0.88383645103109,-3.7561827956991,0.00048369828171702
13009,-4.68379820525431,0.959818080666491,-3.75691275167803,0.00195120454683539
13014,-4.310005613352,0.641137175948899,-3.85764075067043,0.00194916617743714
13019,-4.23793518323202,0.7156570207672,-3.85836680053566,0.000484733916583355
13025,-4.08598036488569,0.850320030086522,-3.85895721925152,0.000485373566735895
13030,-4.01386834378265,0.924763352832453,-3.85954606141541,0.00195068876315445
13035,-3.94186393410022,0.999935228059552,-3.96013333333352,0.00194866041724733
13041,-3.869838594614,1.07506718218702,-3.96071904127848,0.000486416395587724
13046,-3.71792885781583,1.21034087678976,-3.96130319148955,0.00195023188169104
13051,-3.64586190876818,1.28539346565107,-4.06188579017282,0.00194728479411261
13057,-3.57377427907872,1.36040660865948,-4.06246684350151,0.000487908366664086
13062,-3.50166605092221,1.43538046255347,-4.06304635761608,0.0019488599614837
13067,-3.04030552206975,1.15240951394209,-4.16362433862454,0.00194685026807049
13073,-2.96711819333428,1.22590227942501,-4.16420079260257,0.000488962127859209
13078,-2.8939105100587,1.29935622105502,-4.16477572559386,0.000489612993187583
13083,-2.73978085325824,1.43155001751532,-4.16534914361021,0.00211215357723883
13089,-2.66653270183718,1.50492677099375,-4.26578947368441,0.0019460687993689
13094,-2.59326443596668,1.5782651585635,-4.26622864651794,0.000491042640584325
13099,-2.52008920953575,1.65232193174428,-4.26666666666687,0.00194765738997258
13104,-2.3659920307892,1.78511718232218,-4.36710353866339,0.00194566728508371
13110,-2.29277637812902,1.85909401709461,-4.36753926701593,0.00194635949438318
13115,-2.2195406312289,1.93303111772444,-4.46797385620937,0.00194437796924646
13120,-1.83222759926729,1.56643717683205,-4.46840731070518,0.000492975555488903
13126,-1.67615213086662,1.69621391582049,-4.46883963494155,0.00178106281486621
13131,-1.6021006128922,1.7685756671458,-4.56927083333355,0.00194338790167543
13136,-1.44600072242823,1.89750183707568,-4.56970091027331,0.00049413437884927
13142,-1.37192422833768,1.96901313582264,-4.57000000000022,0.00194499139024401
13147,-1.21591219593926,2.09784536314605,-4.67029831387831,0.00194208258790614
13152,-1.14192305201268,2.16926311091905,-4.6705958549225,0.000330324157556167
13157,-0.98599819638552,2.29800212430869,-4.67089262613217,0.00194401787706999
13161,-0.593781715547067,1.906177287128,-4.77118863049117,0.00194111551548563
13166,-0.435966256770715,2.03194710116379,-4.77148387096795,0.000331104604739719
13170,-0.361033957168068,2.10176171961192,-4.77177835051567,0.000497139462852006
13174,-0.203304497373956,2.22743972866105,-4.77207207207227,0.00194302184982395
13178,-0.128458028627854,2.29716287042646,-4.87236503856062,0.00177494341540067
13183,0.0291860943480344,2.42274978116624,-4.87265725288852,0.000332085365161336
13187,0.103947391841583,2.49238214943061,-4.87294871794892,0.00177582596220521
13191,0.261506833383798,2.61787866130412,-4.97323943661991,0.00193984141248001
13195,0.336183612486291,2.68742095206026,-4.97352941176489,0.000499120771019352
13200,0.817327666403351,2.32381777725651,-4.97381864623262,0.000333071953039883
13204,0.8928838728588,2.3918152925544,-4.97397959183691,0.00177469159020266
13208,1.052202490079,2.51422230285686,-5.0741401273887,0.00177228369358531
13213,1.12767546398143,2.58213111143059,-5.07430025445309,0.000333666724591
13217,1.28691132610372,2.70444977870703,-5.0744599745872,0.000500990144110526
13221,1.36230170059762,2.77227055552695,-5.07461928934026,0.00194050908512915
13225,1.521455436741,2.89450155119294,-5.17477820025366,0.00177116809867565
13230,1.59676383856439,2.96223496439879,-5.17493670886093,0.000334662745011712
13234,1.75596243860457,3.08362381297206,-5.1750948166879,0.000334862663089424
13238,1.83131553617736,3.15051729076714,-5.17525252525269,0.000502787573206401
13242,1.99043297571889,3.2718214262045,-5.17540983606573,0.0019401985089253
13247,2.06570506293452,3.33863048350955,-5.27556675062987,0.0017702653625078
13251,2.22474195432061,3.45985054478733,-5.2757232704404,0.00033586584697384
13255,2.29993364122924,3.52657581750261,-5.27587939698507,0.000336067205466423
13260,2.45889059065949,3.64771243718716,-5.27603513174419,0.000504597946211958
13264,2.53400248120035,3.71435455484217,-5.27606516290741,0.00050481424905316
13268,2.69288008880761,3.83540835917007,-5.27609511889877,0.0017719680356247
13272,2.76791278088527,3.90196794500315,-5.37612500000015,0.00176957986188119
13277,2.92671164081132,4.02293955396017,-5.37615480649204,0.000337280444905129
13281,3.00166572637093,4.08941722499685,-5.37618453865352,0.000337483503643306
