alt,u,v,temp,bv2
14977,-0.965621873072287,-3.97166826549694,1.34526315789471,0.00178734858199918
14980,-0.972955409350824,-3.96349655160582,1.34449760765548,0.000443832282010683
14984,-0.883908909143628,-4.53017887271164,1.34373205741625,0.000444183971832414
14988,-0.890997609755559,-4.52186560213132,1.34287081339711,0.000222154772368214
14991,-0.898009885916764,-4.51349474159664,1.34200956937797,0.000222381447081583
14995,-0.904777326411363,-4.50498232437276,1.34105263157893,0.000444889026190875
14999,-0.911468342455237,-4.49641231719451,1.33999999999997,0.000445242393387888
15003,-0.9180829340484,-4.48778472006189,1.33894736842103,0.000222684282627549
15006,-0.924529114425674,-4.47907315619444,1.33789473684208,0.000222912039749963
15010,-0.93052639974556,-4.47064649583607,1.33674641148323,0.000445950814500591
15014,-0.936354280406086,-4.46213721130467,1.33550239234449,0.000446305871101886
15017,-0.941955323450664,-4.45407611190754,1.33425837320573,0.00178871153078189
15021,-0.947401530706848,-4.44590251772527,1.23301435406697,0.00178644357552081
15025,-0.952678807651999,-4.43764469799688,1.2315789473684,0.000447017683141923
15028,-0.871715746612097,-5.00586019115345,1.23014354066984,0.000447374441292008
15032,-0.876838187768847,-4.99748987663993,1.22861244019136,0.000223750912007037
15036,-0.881714280720367,-4.98897908918773,1.22698564593299,0.000223980857336686
15039,-0.886512955777675,-4.98041205434295,1.22535885167463,0.00044808966866393
15043,-0.7921158936498,-4.95784348385605,1.22354066985643,0.000448448140623431
15047,-0.796515560195559,-4.94905785320974,1.22172248803826,0.000224288067659962
15050,-0.701731644356293,-4.92624513707291,1.21980861244017,0.000224519118938214
15054,-0.792483026590716,-4.33728663346081,1.21779904306218,0.00201252358486505
15058,-0.697629933534621,-4.31255674104372,1.1157894736842,0.00178479944157136
15061,-0.701375300017446,-4.30338903065294,1.11368421052631,0.000224879399565712
15065,-0.606195056929906,-4.27846809836362,1.1114832535885,0.000449887782431829
15068,-0.609613273381271,-4.26910934810061,1.10918660287081,0.000450249138308558
15072,-0.514105880262242,-4.24399737593905,1.10688995215311,0.000225189081403692
15076,-0.516984326739014,-4.23491716809502,1.10449760765549,0.00022542199374027
15079,-0.519612118972617,-4.22570356090527,1.10200956937798,0.000450973594340252
15083,-0.423391743407713,-4.20079299592886,1.09952153110046,0.000451336697303815
15086,-0.425689547659154,-4.19139247811077,1.09703349282295,0.000225733172830257
15090,-0.32913918411208,-4.16629500250602,1.09444976076554,0.000225967212615555
15093,-0.331198987146514,-4.15673395084003,1.09177033492821,0.000452064660182287
15097,-0.234318635617278,-4.13144956460694,1.08909090909089,0.000226097363480804
15101,-0.23604845066955,-4.12170160231261,1.08631578947367,0.000226332159452612
15104,-0.138930097923328,-4.09625668223162,1.08344497607654,0.00201366522205933
15108,-0.140112180997725,-4.08681613822349,0.98057416267941,0.00201082959889758
15111,-0.0424451744558709,-4.06168002914338,0.97770334928228,0.000226645858202696
15115,-0.0433864908600512,-4.05208312943141,0.974641148325333,0.000226881795344279
15119,0.0545212823520416,-4.02679066464747,0.971578947368414,0.00045389488265199
15122,0.0538207326180853,-4.01703740923167,0.96851674641146,0.000227013002196356
15126,0.151832696051841,-3.9910961099804,0.965454545454541,0.00022724970474638
15129,0.151236336539569,-3.98069402009726,0.962200956937785,0.000454631127867111
15133,0.149532677515879,-3.35728053699568,0.958947368421043,0.000455000146877879
15137,0.149177084673831,-3.34672209140871,0.955693779904308,0.000227565953883897
15140,0.24738252268974,-3.3187467094871,0.952440191387552,0.000227803811548636
15144,0.247267696517909,-3.30803190819629,0.949090909090913,0.000455739984993768
15147,0.345713901204043,-3.27990017057085,0.945645933014355,0.000227936087291607
15151,0.345839841702436,-3.26902901357622,0.942200956937789,0.000228174719736878
15155,0.444526813058793,-3.24074092024695,0.938755980861245,0.00201487390332184
15158,0.444893520227417,-3.22971340754848,0.835311004784685,0.00201204742722499
15162,0.543821258253992,-3.20126895851537,0.831770334928216,0.000228493550490958
15165,0.544428732092832,-3.19008509011307,0.82822966507176,0.000228733352224207
15169,0.643504803696217,-3.16150905274887,0.824593301435392,0.000457600149409964
15172,0.644260611111854,-3.15019359601547,0.820956937799025,0.00022886670997298
15176,0.743577449385455,-3.12146120294744,0.817320574162657,0.000229107296012863
15179,0.744481590377895,-3.11001415788295,0.81368421052629,0.000458348473938338
15183,0.843854329134864,-3.08117494385656,0.810047846889923,0.000229241090284135
15187,0.844906803704106,-3.06959631046098,0.806411483253555,0.000229482464484396
15190,0.845947100736659,-3.05799032587019,0.802775119617195,0.000459099249982539
15194,0.945536251090495,-3.02894005374955,0.799138755980827,0.000459475561090658
15197,0.833722229065117,-2.40801821950908,0.79550239234446,0.000229804962943143
15201,0.834978937694522,-2.39620117682405,0.791866028708093,0.000230047526666015
15204,0.836223468787253,-2.3843567829438,0.788133971291813,0.00201615104737546
15208,0.935698796244807,-2.35335201976275,0.684401913875554,0.00178290796458084
15211,0.937091660914326,-2.34137603755141,0.680669856459275,0.000230425783296845
15215,0.93855260360391,-2.32932058557692,0.677033492822908,0.000460986994857434
15218,1.03816408710158,-2.29815688286956,0.67339712918654,0.000230561122396975
15222,1.03968093027454,-2.28599460993672,0.66976076555018,0.000230805285876701
15225,1.04127802900424,-2.27378021843592,0.666124401913812,0.000461746446753942
15229,1.14110592409876,-2.24240545763433,0.662488038277445,0.000230941071272224
15232,1.14275892331182,-2.23008424517518,0.65875598086118,0.00023118604057164
15236,1.14449217808164,-2.21771091414808,0.655023923444908,0.000462508405094672
15239,1.14629351087152,-2.20525811335784,0.651291866028643,0.000462890328062574
15243,1.24624538446947,-2.17369706183473,0.647559808612364,0.000231513348389425
15246,1.1231855983152,-1.54715067374652,0.643827751196106,-0.00132169808816329
15250,1.12503065405176,-1.53456370080271,0.739999999999931,-0.00109153170085748
15253,1.1270362209018,-1.52187249072301,0.736172248803747,0.000231896444758963
15257,1.03135946049907,-1.53046654663242,0.732440191387482,0.000232143446147683
15260,0.935751224444672,-1.5389827421864,0.728708133971224,0.000464424348406792
15264,0.937946017255214,-1.52668202687112,0.724976076554945,0.000232280811086038
15268,0.842035734817351,-1.53456049076639,0.72114832535879,0.000232528632396311
15271,0.843927559426717,-1.52162065107773,0.717320574162613,0.000465195177720662
15275,0.748071304675541,-1.52939133468604,0.713492822966444,0.000232666453696553
15278,0.652202396898197,-1.53713488379219,0.709760765550179,0.000232915099017629
15282,0.654135596168075,-1.52406012931439,0.706028708133921,0.000465968570060573
15285,0.558333369103572,-1.53172303263574,0.702200956937745,0.000466356231363297
15289,0.585079134279731,-2.14132016970305,0.698468899521473,0.000233247324583314
15293,0.587145694975291,-2.12808412365566,0.694736842105208,0.000233497213647675
15296,0.491194842291478,-2.1344350998864,0.691004784688928,-0.00108879300280027
15300,0.493394529274603,-2.12167964345041,0.787272727272672,-0.00132402099032321
15304,0.39751083165195,-2.12795157526945,0.783540669856393,0.000233886909270033
15307,0.301694289090463,-2.1341444626768,0.779808612440128,0.000467913348389163
15311,0.304028286195901,-2.12123091741743,0.776076555023856,0.000468304253709489
15315,0.208187386278745,-2.12737273856664,0.772344497607591,0.000234221914955965
15318,0.112517332517427,-2.13343307027966,0.768708133971224,0.000234473897762153
15322,0.115351689412549,-2.12024952358265,0.765071770334863,0.00046908802705638
15326,0.0197949690538337,-2.12548454001337,0.761435406698496,0.000234614035346845
15329,-0.0755918511326144,-2.13063669059327,0.75789473684204,-0.00132353515106659
15333,-0.170551524845699,-2.13620363789464,0.854354066985579,-0.00109026122361596
15337,-0.26542018836583,-2.14174101419177,0.850909090909035,0.000235007470868753
15340,-0.360197841693008,-2.14724881948466,0.847464114832476,0.000235261147672861
15344,-0.454715086878863,-2.15264259507179,0.844114832535823,0.000470663470719079
15348,-0.549141321871772,-2.15800679965467,0.840765550239176,0.000471058986514378
15351,-0.643476546671742,-2.16334143323331,0.837416267942523,0.000235600104531723
15355,-0.737720761278759,-2.1686464958077,0.834162679425766,0.000235855063070037
15359,-0.831782955499875,-2.1738924163736,0.831004784688936,0.000471852015661274
15362,-0.925754139528046,-2.17910876593526,0.827846889952092,-0.00132451269716669
15366,-1.02004650438848,-2.18371767398787,0.924784688995153,-0.00132674572969823
15370,-1.1139888558295,-2.1887695182852,0.921722488038199,0.000472647719445656
15373,-1.1019277605247,-2.76524543746538,0.918755980861178,0.000236394947937875
15377,-1.19600720842922,-2.76851889029711,0.915885167464047,0.000236651630620931
15381,-1.2898282779466,-2.77167378604165,0.913110047846828,0.000473446111421154
15384,-1.38355886721751,-2.77479752693887,0.910430622009507,0.000473846319741522
15388,-1.47719897624196,-2.77789011298878,0.90784688995209,0.000236994608969542
15392,-1.57074860501993,-2.78095154419137,0.905454545454482,0.000237252596264284
15395,-1.66420775355142,-2.78398182054664,0.903157894736786,0.000474648769618391
15399,-1.65909564653523,-2.76961612428791,0.900956937798988,0.000237396076025903
15403,-1.55541228397137,-2.73785445541516,0.898851674641094,0.000237654938595537
15407,-1.55054242338316,-2.72285451813297,0.896842105263097,0.000475453941974599
15411,-1.35223636039012,-3.2573275212751,0.894928229665013,0.000475857553415713
15415,-1.34716890588857,-3.24285905751955,0.893110047846832,0.000238000833415503
15419,-1.24331911903941,-3.21277200801403,0.891483253588461,0.000238261017272848
15423,-1.23830109241237,-3.19841085572095,0.889952153109988,0.00047666683554202
15427,-1.1345007334377,-3.1684311176779,0.888516746411426,0.00204045156362384
15431,-1.12945571023445,-3.15411968689292,0.787177033492775,0.00179873828387981
15435,-0.939981380222001,-3.69726695781946,0.786028708133927,0.000238870195154124
15439,-0.934909360442525,-3.68300524854259,0.784976076554976,0.00047788593317533
15443,-0.830873459951512,-3.65490867987813,0.784114832535842,0.00047829368596865
15447,-0.825850868046544,-3.64075428206372,0.783349282296605,0.000239219639109082
15450,-0.7217879709793,-3.61270743490736,0.782679425837273,0.000239482496071929
15454,-0.61771157562395,-3.58468544850504,0.782105263157845,0.00204000250440443
15458,-0.61264848885466,-3.57060563295279,0.681626794258321,0.00203716877915826
15462,-0.432077935942154,-4.12409721185819,0.681244019138695,0.000239833735114247
15466,-0.427154199786187,-4.11015743696872,0.681052631578893,0.000240097944104353
15470,-0.322702806736409,-4.08447653046985,0.681052631578893,0.000480342932024415
15474,-0.317493115461623,-4.07100585468219,0.681148325358798,0.000480754890238771
15478,-0.312270510797703,-4.0575584752652,0.681339712918607,0.00179847960895353
15482,-0.307111417195372,-4.04419198217326,0.58162679425832,0.0017962721191329
15486,-0.301939410203907,-4.030848785452,0.581913875598033,0.000481580930166103
15490,-0.329547691311149,-4.61231180210736,0.582296650717659,0.00203793331830935
15494,-0.323797644362486,-4.59943972806423,0.48277511961718,0.0017937797206974
15498,-0.317958259573963,-4.58653336043741,0.483349282296601,0.000241338379067637
15502,-0.411559144376618,-4.58410179294624,0.48401913875594,0.000482825326237988
15506,-0.405618501802586,-4.5711830855446,0.484784688995177,0.00203671501756916
15510,-0.399588521388694,-4.55823008455928,0.38564593301431,0.00179194556960857
15514,-0.39329842384609,-4.54567633847256,0.386602870813356,0.000241963415407659
15518,-0.486061263512489,-4.54413971670643,0.387655502392306,0.000484076169964992
15522,-0.423411576950379,-5.11236326646047,0.388803827751154,0.00203551098642455
15526,-0.416544775624523,-5.10030210332577,0.290047846889919,0.00179012241413404
15530,-0.409500522843253,-5.08816924514927,0.291291866028679,0.000242591697686904
15534,-0.402367544334268,-5.07600053945186,0.292631578947329,0.00203390033915696
15538,-0.494386916480302,-5.0730621263602,0.193971291865999,0.00203111252976079
15542,-0.486777426828446,-5.0614258027555,0.195311004784656,0.000242952123071141
15546,-0.479079211448891,-5.0497536316299,0.196746411483218,0.00024322325125643
15550,-0.471380996069328,-5.0380814605043,0.19818181818178,0.00203272269288395
15554,-0.517751032791018,-5.61274474704985,0.0997129186602592,0.00202994398314442
15558,-0.409667953025185,-5.59503184595225,0.10133971291863,0.000243585557119246
15562,-0.301496786670484,-5.57728155431603,0.102966507176994,0.00178754921685299
15566,-0.293162280898521,-5.56655902862217,0.00468899521526112,0.00202836506595766
15570,-0.184903027954988,-5.54877134644734,0.00641148325354379,0.000488292864462717
15574,-0.176231837891841,-5.53786980254036,0.00813397129181226,0.00178510280597312
15578,-0.0677239872459836,-5.51994049269103,-0.0900478468900019,0.00178295781345934
15582,0.0408719499887269,-5.50197379230309,-0.0882296650718288,0.000489145034146074
15586,0.0497917377541981,-5.49093062072162,-0.086315789473737,0.000489572235368369
15590,0.158636272691233,-5.47282229265918,-0.0844019138756522,0.00178332392469941
15594,0.303600732000284,-6.04526950788679,-0.182488038277562,0.00178118795394863
15598,0.31285720405694,-6.03404731809221,-0.180382775119668,0.000490428880341623
15602,0.422056885145786,-6.01753941410539,-0.178277511961767,0.000245290975770976
15606,0.431561954904758,-6.0061755966363,-0.176172248803873,0.00178200241079483
15610,0.540929978139189,-5.98957818354293,-0.273971291866069,0.00202455064765202
15614,0.65026498210127,-5.97272418142392,-0.271770334928284,0.000491719483630287
15618,0.659816366326893,-5.96105026364657,-0.269569377990479,0.000245936680622467
15622,0.76931812464592,-5.94410382807813,-0.267177033492871,0.00178024614951726
15626,0.878986637321916,-5.92706495906025,-0.364784688995272,0.0020234490526033
15630,0.888871530261447,-5.91520617438404,-0.362392344497671,0.000493016897497925
15634,0.998698710415439,-5.89806028280091,-0.360000000000063,0.000246585793958169
15638,1.00866293709397,-5.88614798684207,-0.357511961722551,0.00177850082433202
15642,1.14491016333943,-6.47225008407564,-0.455023923445026,0.00202236177687906
15645,1.15503305749596,-6.46023076555154,-0.452440191387616,0.000247020443135375
15649,1.26501570061541,-6.44477500863983,-0.449760765550288,0.000247300732861921
15653,1.2749880141729,-6.43287730179682,-0.447081339712966,0.000494757470395491
15657,1.38482007669329,-6.41754315656619,-0.444306220095733,0.00202444217667526
15660,1.39463372277279,-6.40575247228844,-0.541531100478522,0.00177376926126407
15664,1.50430711781518,-6.39052534962306,-0.538660287081392,0.000247957076200583
15668,1.5143363544194,-6.37940713007258,-0.535789473684261,0.000496070986810214
15672,1.52420507991012,-6.36839314765799,-0.532727272727328,0.000248113799499644
15676,1.63402005316399,-6.35390241197428,-0.529665071770395,0.00177526323869734
15679,1.65980607296454,-6.95360190381139,-0.62660287081345,0.00202067008931293
15683,1.76950622191864,-6.94096011429009,-0.623444976076605,0.000248553856910364
15687,1.77931934401527,-6.93050626541558,-0.620287081339761,0.000248837639311671
15691,1.8890369800708,-6.91835929446528,-0.617033492823005,0.00049783322968593
15694,1.8986093354972,-6.9080618012946,-0.613684210526358,0.00024899547807594
15698,2.00817293290039,-6.89603074410922,-0.610239234449814,0.00177377370781336
15702,2.01767150523121,-6.8857970461355,-0.706794258373272,0.00202007120233023
15706,2.12698786350303,-6.87391066802493,-0.703253588516802,0.000499163150298736
15709,2.13623919670247,-6.86382164912602,-0.699617224880448,0.00024966086014739
15713,2.14533001878843,-6.85383686736301,-0.695885167464191,0.000249947177440654
15717,2.15434058531764,-6.84390420416794,-0.692057416268,0.000500053718611213
15721,2.16327089629011,-6.83402365954081,-0.68822966507183,0.00177184555779761
15725,2.27193873764686,-6.82254255334476,-0.784210526315846,0.00176977361309262
15728,2.28621360820403,-7.43301366079649,-0.780191387559853,0.000500947470371026
15732,2.29500050388523,-7.42397504970209,-0.776076555023977,0.000250553587820596
15736,2.30362509371072,-7.41503785856257,-0.771961722488093,0.000250841957561987
15740,2.31233225710061,-7.40678366347406,-0.767655502392394,0.000501844422678084
15743,2.32087536933247,-7.39862804026591,-0.763349282296701,0.000251002350081384
15747,2.32933645598531,-7.39052170299794,-0.759043062201009,0.00177106119891297
15751,2.43763349148012,-7.38251393761034,-0.854641148325413,0.00201938355972928
15755,2.4459959269808,-7.37518195177806,-0.850143540669897,0.00025145272276749
15758,2.45419261599271,-7.36794565972567,-0.845645933014417,0.00025174316710559
15762,2.46230643176024,-7.36075721456324,-0.841148325358901,0.000503647997948232
15766,2.47055715210453,-7.35419939712802,-0.836459330143597,0.000251904714563199
15770,2.4785537530994,-7.34777480816191,-0.831770334928294,0.000252196204605346
15773,2.48646665842853,-7.34139661246089,-0.827081339712969,0.00202197326770383
15777,2.59421217242613,-7.33511120329007,-0.922296650717762,0.00201930231905558
15781,2.60207798568982,-7.32944844081625,-0.917416267942642,0.000252585757238879
15785,2.60985930636089,-7.32383060385084,-0.912535885167529,0.000252878826457132
15788,2.61747164184671,-7.31830261790222,-0.907655502392402,0.000505920779532461
15792,2.72518953564523,-7.31339187612299,-0.90267942583737,0.000253041835214592
15796,2.73282216566153,-7.30852457841072,-0.897703349282345,0.000253335964357676
15800,2.84045479567783,-7.30365728069845,-0.892727272727328,0.00202191070811186
15803,2.8480021619119,-7.29883342705315,-0.987751196172297,0.00176545403917433
15807,2.95033036074518,-7.92282532007296,-0.982679425837368,0.000253794758019511
15811,2.95814153394838,-7.91853058135057,-0.977607655502439,0.000507753827306248
15815,3.06603913143143,-7.91641647792687,-0.972535885167503,0.000253958950140256
15818,3.07395195939885,-7.91255713385944,-0.967464114832573,0.000254255216455288
15822,3.08186478736627,-7.90869778979202,-0.962296650717732,0.000508675341347384
15826,3.18992947027452,-7.90715625925673,-0.957129186602906,0.0017667656841082
15830,3.19800938366714,-7.9038694880777,-1.05196172248807,0.00176473275706307
15833,3.30607406657538,-7.90232795754241,-1.04679425837325,0.000509600206352661
15837,3.31415326094974,-7.89903967891027,-1.04153110047851,0.000254882737159221
15841,3.4224603274601,-7.89803008093635,-1.03626794258378,0.000255181164024943
15845,3.43078262445482,-7.8952752423187,-1.03100478468904,0.00202093739857749
15848,3.53908969096517,-7.89426564434478,-1.12564593301438,0.00176264662141275
15852,3.54732456734193,-7.89154972789393,-1.12028708133974,0.000255646671512964
15856,3.65554421323432,-7.89057905208681,-1.1149282296651,0.000511460062635147
15860,3.64729080559788,-8.52696270920946,-1.10956937799046,0.000255813269347564
15863,3.65575669419726,-8.52477830377172,-1.10421052631581,0.00176420020953096
15867,3.68094395662163,-7.88403039462702,-1.19885167464116,0.00201737812171225
15871,3.68940984522101,-7.88184598918927,-1.19349282296651,0.000256281088008733
15875,3.69787573382038,-7.87966158375153,-1.18813397129188,0.000256582800284739
15879,3.70673941661016,-7.87793789458178,-1.18277511961723,0.000513333544254662
15883,3.6156183298843,-7.87446896476829,-1.17741626794259,0.00176212696493832
15886,3.62448201267409,-7.87274527559853,-1.27205741626796,0.00176012092499143
15890,3.63352043019121,-7.87094378951583,-1.26660287081341,0.000514275441442103
15894,3.64255884770835,-7.86914230343313,-1.26114832535885,0.000257221877316666
15898,3.65200363746759,-7.86827038076736,-1.25569377990431,0.00176098827299889
15902,3.66162302884891,-7.86732072045093,-1.35023923444976,0.00201559222851306
15906,3.67124242023024,-7.86637106013451,-1.3447846889952,0.000515694786062383
15910,3.68095114945141,-7.8653871062344,-1.33933014354064,0.00175869771140613
15913,3.6907451424548,-7.86435970826733,-1.43397129186602,0.00175670857692447
15917,3.70053913545819,-7.86333231030026,-1.42861244019139,0.000516645376320414
15921,3.71062952053859,-7.86282441046258,-1.42315789473683,0.000258407621892146
15925,3.72071990561899,-7.86231651062491,-1.41770334928231,0.00175758090067751
15929,3.63100070770481,-7.85998719687622,-1.51224880382774,0.00201338780412419
15933,3.64126627930625,-7.85940312377127,-1.50679425837321,0.000258884986370691
15936,3.6515318509077,-7.85881905066632,-1.50133971291866,0.00175577178486761
15940,3.66208581796699,-7.85876271802968,-1.59588516746412,0.00201206454161559
15944,3.57265501551063,-7.85696114474931,-1.59043062200956,0.000259364117814354
15948,3.58329946281638,-7.85687365726535,-1.58497607655504,0.000259673137252971
15952,3.59402917390435,-7.85674272571443,-1.57952153110048,0.00201381694022776
15956,3.5047741154767,-7.85486655351978,-1.67406698564596,0.00175107813864535
15960,3.51559430681114,-7.85470446712155,-1.6686124401914,0.000260155193194571
15963,3.42642972862993,-7.85279714007958,-1.66306220095696,0.000520483042513027
15967,3.43734040021084,-7.85260389883403,-1.65751196172249,0.00175195633590083
15971,3.44825107179174,-7.85241065758848,-1.75196172248805,0.00175000074436504
15975,3.35917697385702,-7.8504721756992,-1.74641148325358,0.000521451383877474
15979,3.37026338946661,-7.85020433553937,-1.74086124401914,0.00175017391471623
15983,3.28136503556057,-7.84819125473582,-1.83531100478469,0.00174822636360084
15986,3.29254193141664,-7.84789225972867,-1.82976076555025,0.00052242333509337
15990,3.30410447773071,-7.84853835531266,-1.82421052631578,0.000261298510913809
15993,3.21568225452915,-7.84743921025292,-1.81866028708134,0.000261612159795549
15997,3.22733581103617,-7.84805573483266,-1.81311004784688,0.000523398916383793
16000,3.13900459802756,-7.84692701876868,-1.80755980861244,0.000261786626085379
16004,3.15627094023698,-7.22441813702475,-1.80200956937797,0.000262101448582581
16007,3.16809999952957,-7.22496016509185,-1.79645933014353,0.000262031368173221
16011,3.08001355141477,-7.22545726765054,-1.79090909090907,0.000262346779949955
16014,3.09210260608555,-7.22587987369659,-1.78545454545453,0.000524869139320311
16018,3.10427615334894,-7.22625755423424,-1.77999999999999,0.000262522227764656
16021,3.21662520339789,-7.22656073825924,-1.77454545454543,0.000262838823074755
16025,3.22905874603946,-7.22681899677584,-1.76909090909086,0.000262768347846909
16028,3.24158329887398,-7.2270476842882,-1.76373205741623,0.00175058642594784
16032,3.25419234430112,-7.22723144629215,-1.8583732057416,0.0020107976225927
16035,3.26697689251382,-7.22734071178346,-1.85301435406696,0.000263261975069005
16039,3.27984593331914,-7.22740505176636,-1.8476555023923,-0.00122166749081841
16042,3.39289047691003,-7.22739489523662,-1.74239234449757,-0.00122319232173114
16046,3.40593502050091,-7.22738473870688,-1.73712918660284,0.000263828467266586
16049,3.41915506687736,-7.22730008566449,-1.7318660287081,0.000527834504258602
16053,3.43245960584643,-7.2271705071137,-1.72660287081337,0.000264005903143083
16056,3.44593964760107,-7.22696643205027,-1.72133971291862,0.000264326089299777
16060,3.45950418194833,-7.22671743147843,-1.71607655502389,0.000528830419285311
16063,3.47324421908114,-7.22639393439395,-1.71090909090907,0.000264504195377535
16067,3.58698425621395,-7.22607043730946,-1.70583732057415,0.000264825592067445
16070,3.60089979613234,-7.22567244371233,-1.70076555023921,0.000264754047529293
16074,3.61489982864335,-7.2252295246068,-1.69569377990429,0.00026507605206188
16077,3.62926184482588,-7.2250555640552,-1.69062200956937,0.000530331358402996
16081,3.64370755667416,-7.22483521023851,-1.68555023923444,0.000265255170583718
16084,3.7582442787154,-7.22458528541757,-1.68057416267942,-0.00122192627532803
16088,3.77286469642238,-7.22428896733153,-1.5756937799043,-0.0012234517527191
16091,3.88765981998808,-7.22391668497615,-1.57081339712919,0.000265830282616971
16095,4.00233990929025,-7.22290406820441,-1.56593301435406,0.000531840841777405
16098,4.01150656325379,-6.59011433840299,-1.56105263157893,0.000266010422240514
16102,4.12634559798381,-6.5872789328751,-1.55626794258372,0.000266335492007623
16105,4.2412683283796,-6.58439713408212,-1.55157894736841,0.000266263129434581
16109,4.25638046517197,-6.58318302782045,-1.54688995215309,0.000266588817499144
16112,4.37147737148,-6.58022368091506,-1.54220095693779,-0.00095640829545688
16115,4.48665797345376,-6.57721794074456,-1.43760765550239,-0.00122445258533747
16119,4.50202798182411,-6.57587989310539,-1.43301435406697,0.000267096916943855
16122,4.61765067776356,-6.57307582352532,-1.42851674641147,0.000267024140082054
16126,4.71646062625053,-5.92821883218524,-1.42401913875598,0.000267351693660404
16129,4.7322719061652,-5.92708100151162,-1.41961722488037,0.000267278777911471
16132,4.84810514202615,-5.92240537427781,-1.41521531100477,0.000267606956890423
16136,4.96411173137795,-5.91765074530672,-1.41081339712917,0.000535396609885638
16139,4.98026211127223,-5.91633821911594,-1.40650717703348,0.000267789513310648
16143,5.09635157386842,-5.9115357432549,-1.40229665071769,-0.00122391776225162
16146,5.21261438995544,-5.9066542656566,-1.29808612440188,-0.00122544821923349
16150,5.22893812334057,-5.90526273772854,-1.2938755980861,0.000268375679638711
16153,5.24526185672569,-5.90387120980049,-1.28976076555021,0.000536935107272404
16156,5.26175894360167,-5.90240068013516,-1.28564593301434,0.000268559286741484
16160,5.27825603047764,-5.90093015046984,-1.28162679425836,0.000268890619754979
16163,5.29484359760009,-5.8994284659572,-1.27760765550238,0.000268816862272635
16167,5.18351495563582,-5.25478850917447,-1.2735885167464,0.000269148831547463
16170,5.20036933938722,-5.25355125167192,-1.26966507177032,0.000269074932360071
16173,5.21739622896411,-5.25223355338188,-1.26583732057415,0.000269407539730895
16177,5.234423118541,-5.25091585509183,-1.26200956937798,0.000539000244167685
16180,5.2514500081179,-5.24959815680179,-1.2581818181818,0.00026959256191264
16184,5.26843476307978,-5.24759389181856,-1.25444976076554,0.000269926451007147
16187,5.1855565645662,-5.25082322245963,-1.25081339712918,0.000269852124245725
16190,5.20263124226691,-5.24878622827608,-1.2471770334928,0.000270186656981733
16194,5.21978794554663,-5.24669994815236,-1.24354066985646,0.000540559551982377
16197,5.23694464882636,-5.24461366802863,-1.23999999999998,0.000270372751235961
16201,5.25419127484491,-5.24249465870458,-1.23645933014353,0.00176502368138993
16204,5.27151992644248,-5.24032636344035,-1.33291866028708,0.00176185051009056
16208,5.18907554730341,-5.2433589346001,-1.32947368421051,0.000270970293662977
16211,5.20657614721883,-5.24110862419537,-1.32602870813396,0.000270895391006188
16215,5.22407674713425,-5.23885831379064,-1.3225837320574,0.000271232517011309
16218,5.24166726978849,-5.2365752741856,-1.31923444976074,0.000542652717703429
16222,5.25925779244274,-5.23429223458055,-1.31588516746409,0.000271420055250897
16226,5.27702026341483,-5.231927179835,-1.31253588516745,0.000271758489212923
16229,5.39464568786238,-5.22432852946515,-1.3091866028708,0.00176331176514702
16233,5.41259228822769,-5.22226394658058,-1.40593301435403,0.001761383943155
16236,5.43053888859301,-5.220199363696,-1.40267942583728,0.000544233261057369
16240,5.44856664188617,-5.21808407083399,-1.39952153110045,0.000272210873314165
16243,5.5664573486548,-5.21073518234768,-1.39636363636362,0.000272551283529964
16247,5.58448510194797,-5.20861988948567,-1.39320574162677,0.00176183720652669
16250,5.60259400816901,-5.20645388664622,-1.49004784688994,0.00175991824640937
16254,5.6806123962207,-4.55043522120779,-1.48688995215311,0.000545823038367829
16258,5.69840385400164,-4.54769340243761,-1.48373205741628,0.000273006313149096
16261,5.71619531178256,-4.54495158366743,-1.48057416267943,0.000273348716979256
16265,5.73406792249135,-4.54215905491981,-1.4775119617225,0.00176037416302649
16268,5.85169693822612,-4.53239087879778,-1.57444976076555,0.00175846405094072
16272,5.86956954893492,-4.52959835005016,-1.57138755980861,0.000547422130792893
16275,5.88752331257157,-4.52675511132511,-1.56842105263158,0.000273806415390782
16279,5.90547707620822,-4.52391187260005,-1.56545454545456,0.00027415083040041
16282,6.02318724487085,-4.51409298650058,-1.56248803827752,0.00175892264416887
16286,6.04114100850751,-4.51124974777552,-1.65952153110048,0.00175702136666504
16289,6.05891413335555,-4.50811173333851,-1.65665071770336,0.00054903062044402
16293,6.17644366322958,-4.49799807152709,-1.65377990430622,0.00027461122115202
16297,6.19421678807763,-4.49486005709008,-1.6509090909091,0.00175797575537799
16300,6.21189731943914,-4.49137631236538,-1.74803827751198,0.00175482785250089
16304,6.32924491798678,-4.48095121384996,-1.74516746411484,0.000275227666404852
16307,6.34650988626791,-4.47693468259139,-1.74229665071772,0.000550648590401316
16311,6.36368612882132,-4.47295399885374,-1.73942583732058,0.0017557833097953
16315,6.48036063187003,-4.46173406854206,-1.83665071770336,0.00175389897634875
16319,6.44565415315619,-3.80153734417161,-1.83387559808612,0.000551732545347533
16323,6.46248352545121,-3.79732890875525,-1.8311004784689,0.000275963129557895
16327,6.57884364182768,-3.78444074658503,-1.82832535885167,0.00175485947027475
16331,6.59533139573348,-3.78000164833134,-1.92555023923447,0.00202830837398184
16335,6.61173042391157,-3.77559839759856,-1.92277511961723,0.000276507627316129
16339,6.72766019617112,-3.76251542011191,-1.92009569377991,0.000276858875794754
16342,6.74381163356371,-3.75784283996343,-1.91741626794258,0.000276780682745094
16346,6.7598743452286,-3.75320610733584,-1.91473684210526,0.00175345360860376
16350,6.87546780097495,-3.73988964795439,-2.01205741626794,0.00202772878311196
16354,6.8913530611844,-3.7353246103686,-2.00937799043061,0.000277328414682389
16358,6.84342957738428,-3.07032413750966,-2.00669856459329,0.000277681752885858
16362,6.95861079561257,-3.05499224869173,-2.00401913875596,0.00202966241890611
16366,6.97425109857632,-3.05014905372147,-2.10143540669854,0.00174893255553251
16370,6.98980267581237,-3.04534170627211,-2.09885167464112,0.000278233060504853
16374,7.00535153632034,-3.04052825695162,-2.09626794258372,0.000556663625471964
16378,7.02066499137713,-3.03544313471663,-2.09368421052631,0.00174990187943845
16382,7.0359764487241,-3.03035341806362,-2.1911004784689,0.00174805192892123
16386,7.05119918034336,-3.02529954893152,-2.18851674641148,0.000557771414855179
16389,7.06633318623491,-3.02028152732031,-2.18593301435408,0.000278984695310971
16393,7.08146519441665,-3.01525891129108,-2.18334928229666,0.000279342269301944
16397,7.09636857165897,-3.0099651488143,-2.18086124401914,0.000558883622148471
16401,7.11127064379153,-3.00466831169162,-2.17837320574164,0.000279541193960501
16405,7.12608399019638,-2.99940732208985,-2.17598086124403,0.000279900196818138
16409,7.14080861087353,-2.99418218000897,-2.17358851674642,0.00202968570111547
16413,7.15553192644092,-2.98895396328219,-2.27119617224881,0.00174674647418514
16417,7.1701665162806,-2.98376159407632,-2.2688038277512,0.000280460357480653
16421,7.08521508326641,-2.98871420254148,-2.26650717703349,0.000280380117166478
16425,7.02454885243719,-2.324296366976,-2.26421052631579,0.000280741279435774
16429,7.03887215750441,-2.3188678241562,-2.2619138755981,0.00056168364304345
16433,7.05319482343277,-2.31343773831868,-2.25961722488039,0.000280942202321597
16437,7.06742876363342,-2.30804350000207,-2.25732057416268,0.00028130481504143
16441,7.08162488006697,-2.3023078966579,-2.25511961722488,0.000562811522957745
16446,7.09582099650053,-2.29657229331374,-2.25291866028707,0.000563377163238831
16450,7.1101058386618,-2.29080084244867,-2.25071770334928,0.000281789568398811
16454,7.12439068082307,-2.2850293915836,-2.24851674641147,0.000282154373232462
16458,7.13864794740422,-2.27892684512726,-2.24631578947367,0.000564511861572466
16462,7.15299455182523,-2.27279000508722,-2.24430622009568,0.000282357324605291
16467,7.16743110619824,-2.26662042540072,-2.24229665071768,0.000282723601910103
16471,7.18195761052326,-2.26041810606773,-2.24028708133969,0.00056565113992641
16475,7.10989868108616,-1.59635085952404,-2.2382775119617,0.00028292737328826
16479,7.12449802158958,-1.5897967891875,-2.23626794258371,0.00028329513199671
16483,7.04007175222997,-1.59716314726754,-2.23435406698562,0.000566795026086155
16488,7.05485213522218,-1.59054673685094,-2.23244019138754,0.000283499728360014
16492,7.069534478866,-1.58365320992061,-2.23052631578946,0.000283868977478013
16496,7.08430905727506,-1.57673322081655,-2.22861244019138,0.000567943548063083
16500,7.09917411593058,-1.56978207686517,-2.22669856459329,0.000284074403846121
16505,7.11413140935134,-1.56280447074006,-2.2247846889952,0.000284445152452495
16509,7.12899930649662,-1.55555913628049,-2.22287081339712,0.000569096734095805
16513,7.046277527278,-0.894048961174145,-2.22105263157894,-0.000897817465385693
16517,7.06132972927441,-0.886750761222729,-2.11923444976077,-0.00118389737090227
16521,7.07648008026682,-0.879127413198523,-2.1174162679426,0.000285313813837862
16526,7.09163321794835,-0.871511934541655,-2.11559808612442,0.00057083532058752
16530,7.106789142319,-0.863904325252126,-2.11377990430623,0.000285521337450789
16534,7.02339868216395,-0.872179451713953,-2.11196172248806,0.000285895874983043
16538,6.94001087093422,-0.880462494979006,-2.11014354066988,0.000572000291816522
16543,6.85662570862978,-0.888753455047287,-2.10832535885169,0.000286104246495969
16547,6.7733325330905,-0.897018038335109,-2.10650717703351,0.000286480315879015
16551,6.68080982674748,-0.243850595812347,-2.10468899521534,0.000573170027761893
16555,6.59792081255654,-0.253537427184772,-2.10287081339716,-0.00118257582681813
16559,6.51503489361917,-0.263233784768148,-2.00105263157897,-0.00118440432032261
16564,6.4321761729046,-0.272653130450321,-1.99923444976079,0.000574344557714439
16568,6.44808818971149,-0.265211705140961,-1.99741626794261,0.000287277234125154
16572,6.36552235974401,-0.275144676377983,-1.99559808612443,0.000287656395537439
16577,6.28298972804776,-0.28480602459034,-1.99377990430624,0.000575523911205911
16581,6.2004604147672,-0.294478575586332,-1.99196172248807,0.000287867342163607
16585,6.09914210101071,0.346469391085827,-1.99014354066989,0.00028824806391027
16590,6.01715938880375,0.334809832214778,-1.98832535885171,0.000576708118011705
16594,5.93536388187924,0.323190065054892,-1.98650717703353,0.000577302050778978
16598,5.85357149734947,0.311559038903268,-1.98468899521535,0.00028875706389104
16602,5.77182410119525,0.30018685535693,-1.98287081339717,0.000289140144260697
16607,5.78824287875496,0.307882675734938,-1.98095693779908,0.000578493593921549
16611,5.70649893796991,0.296497596575291,-1.97904306220101,0.00028935327345627
16615,5.62502487503122,0.284604940750388,-1.97722488038282,0.000289737938439179
16620,5.51536407976343,0.91284454945133,-1.97540669856464,0.000579690065895866
16624,5.43419737693532,0.89946514455441,-1.97358851674647,0.000289951950156535
16628,5.35303390389061,0.886072785703738,-1.97177033492828,0.000290338209605098
16633,5.27183128793329,0.872914335675361,-1.9699521531101,0.000580891497347273
16637,5.28870368156428,0.880036383808167,-1.96803827751202,0.000290553109337351
16641,5.20785583075257,0.866382232664465,-1.96612440191393,0.000290940973185582
16646,4.99168068056521,1.46270931760178,-1.96430622009574,0.000582097919175817
16650,5.00861627895341,1.47006292811091,-1.96248803827757,0.000291156766471544
16654,4.9281148708631,1.45492143318564,-1.96066985645938,0.000291546244737068
16659,4.8477082252674,1.43979325626047,-1.95875598086128,0.000583309362539639
16663,4.7673664763905,1.42490525042487,-1.95684210526321,0.00029176293716072
16667,4.78452580782523,1.43195912149295,-1.95502392344503,0.000292154039943773
16671,4.70434311327442,1.41652954926477,-1.95320574162683,0.00058452585885512
16676,4.48031055631907,2.00039635372037,-1.95129186602875,0.000292371637136948
16680,4.49763432477774,2.00769757000428,-1.94937799043066,0.000292764374622791
16684,4.4179285206088,1.99080659672822,-1.94746411483258,0.000585747439803421
16689,4.33820444894078,1.97412201920883,-1.9456459330144,0.000586360146986944
16693,4.35565589924243,1.98110335492369,-1.94373205741631,0.000293289464252549
16697,4.27607777691647,1.96389250107859,-1.94181818181823,0.00029368467307631
16701,4.04399014504672,2.53639216488306,-1.93990430622014,0.000293596688538056
16705,4.06144159534837,2.54337350059792,-1.93789473684215,0.000293992726326511
16710,3.98230046302112,2.52447293180254,-1.93598086124408,0.000588205983645811
16714,3.99964192107235,2.53165261038835,-1.93406698564598,0.000294213072089933
16718,3.92039079649469,2.5129503844639,-1.93205741626799,0.000294610775651958
16722,3.93786857869863,2.51960293666331,-1.93004784688999,0.00058944301123852
16726,3.85865831759899,2.50036690909182,-1.92813397129191,0.000294832049186097
16731,3.87604063912827,2.50701278603057,-1.92612440191391,0.000295231429053363
16735,3.79683037802863,2.48777675845908,-1.92411483253592,0.000590685252865374
16739,3.96497424910693,1.91147097754941,-1.92210526315793,0.000295453636230553
16743,3.8852203821107,1.8941265642552,-1.92009569377994,0.000295854703023419
16747,3.90249608774207,1.90097434052095,-1.91808612440195,0.000591932741561424
16752,3.82286893462293,1.88310212594365,-1.91607655502396,0.000296077849765555
16756,3.84017579149648,1.88941709270085,-1.91397129186608,0.000296480614194809
16760,3.76045307574243,1.87153986989808,-1.91186602870818,0.000593185510641736
16764,3.77775993261598,1.87785483665528,-1.90966507177039,0.000296704706473383
16768,3.69803721686193,1.85997761385251,-1.9075598086125,0.00029710917934069
16773,3.71533416600839,1.86651950486784,-1.9054545454546,-0.000877474461044999
16777,3.63550830137274,1.84884767990652,-1.80325358851681,-0.00117590286821586
16781,3.65273349556758,1.85483640304305,-1.80105263157901,0.000297740415376714
16785,3.57292911713482,1.83663293661961,-1.79885167464121,0.000595707024629867
16789,3.59015431132967,1.84262165975614,-1.79655502392349,0.000297966416846678
16793,3.60737950552451,1.84861038289266,-1.79425837320579,0.000298374339363092
16798,3.4764650901625,2.42741247417591,-1.79205741626799,0.000298283522884435
16802,3.4935946488715,2.43339785764768,-1.78976076555028,0.000298692314708037
16806,3.51072420758051,2.43938324111945,-1.78746411483259,0.000597612273095749
16810,3.52786381971845,2.44513836321164,-1.78516746411488,0.000298919764129207
16814,3.54500343185641,2.45089348530384,-1.78277511961727,0.000299330302926104
16819,3.56225092770722,2.45611834200628,-1.78038277511966,0.000598889223824089
16823,3.57940286092311,2.46133819048324,-1.77799043062205,0.000299558725391571
16827,3.59664872975466,2.4665762981942,-1.77550239234455,0.000299971022383982
16831,3.6138945985862,2.47181440590517,-1.77301435406703,0.000299879231486369
16834,3.63114046741774,2.47705251361614,-1.77052631578952,0.000300292411815133
16838,3.64838633624927,2.4822906213271,-1.76803827751201,0.000600814914811137
16842,3.66553664244591,2.48752372081259,-1.7654545454546,0.000300522305597603
16846,3.68268694864256,2.49275682029808,-1.76287081339717,0.000300937261136343
16850,3.69983725483919,2.49798991978357,-1.76028708133975,-0.00117283933248548
16854,3.71698756103583,2.50322301926906,-1.65770334928233,-0.00117464288898005
16858,3.73413786723247,2.50845611875455,-1.65502392344501,0.000602753029631807
16862,3.59317750913905,3.0832912335937,-1.65234449760769,0.000301492104839175
16866,3.61032984727751,3.08799722403704,-1.64966507177036,0.000301909744721219
16870,3.53126045318722,3.0651344706732,-1.64698564593304,0.000301816763678285
16873,3.45209549646204,3.04226670908389,-1.64421052631582,0.000302235304131818
16877,3.37283497710194,3.0193939392691,-1.64143540669859,0.000604703688906492
16881,3.29347889510694,2.99651616122883,-1.63866028708136,0.00030246818351843
16885,3.21413647860849,2.97340493784394,-1.63578947368424,0.000302888533875881
16889,3.13469860143538,2.95028703919841,-1.6329186602871,0.000302794949061405
16893,3.1513856731578,2.95474281792443,-1.63004784688998,-0.00117314405659844
16897,3.07185111461173,2.9316281858081,-1.52717703349285,-0.00087100550038015
16901,2.99222109539098,2.90850687843113,-1.52430622009571,0.000303450602822231
16905,2.91258985547193,2.885395512844,-1.52143540669859,0.000303873690127532
16909,2.83286315487822,2.86227747199623,-1.51846889952155,0.000303779495641485
16912,2.75323069426087,2.83917604819896,-1.51550239234452,0.000304203501204839
16916,2.67350277296887,2.81606794914104,-1.51253588516748,0.000608643131155542
16920,2.59377363097855,2.79296979187296,-1.50956937799046,0.000304439424735429
16924,2.61007519790741,2.79742869492595,-1.50660287081341,0.000304865275806486
16928,2.5301757076099,2.77405578185108,-1.50363636363639,0.000304770465671716
16932,2.45027512765258,2.75069114556424,-1.50066985645935,0.00030519724401834
16936,2.37027921805907,2.72731816901493,-1.49770334928233,0.000305102227325561
16939,2.29037754844195,2.70396180951613,-1.49473684210528,0.000305529935979458
16943,2.21038054918863,2.68059710975485,-1.49177033492826,0.000305434712052907
16946,2.22660395950551,2.68481276262578,-1.48880382775123,0.000305863354059728
16950,2.14660587059237,2.66145633965253,-1.48583732057421,-0.000866626126915777
16953,2.16273395127307,2.66566365226099,-1.38287081339716,-0.00117379828804238
16957,2.17874547408302,2.67013235490158,-1.37990430622014,0.000306532378106099
16960,2.09863082729914,2.64703732196048,-1.37693779904311,0.000306436528394071
16964,2.11464235010909,2.65150602460107,-1.37397129186607,-0.00117395809571241
16967,2.13055841224438,2.65596805198102,-1.27110047846894,-0.00117536608605134
16971,2.05034830478583,2.63286634377927,-1.26822966507181,0.000307204335320911
16974,2.06626097478738,2.63677151599261,-1.26545454545457,0.000307108064985222
16978,2.08217364478892,2.64067668820595,-1.26267942583736,-0.00117552596500017
16981,2.00196014519664,2.61701812483759,-1.15990430622013,-0.00117693772096975
16984,2.01777735452352,2.62091662179028,-1.15712918660292,0.000307879245036605
16988,2.0335945638504,2.62481511874298,-1.15435406698568,0.000307782551302391
16991,1.95319014290878,2.60114320485333,-1.15157894736846,0.00030821781316969
16995,1.968911891561,2.60503502654537,-1.14880382775122,-0.00117672757816044
16998,1.88850747061938,2.58136311265572,-1.04602870813402,-0.00117854454244079
17002,1.7479901493755,3.11238024961786,-1.04325358851678,0.00030846000682286
17005,1.76361643735304,3.11626539604927,-1.04047846889956,-0.00117867321718839
17009,1.68361224973428,3.09091337200839,-0.937799043062228,-0.00118009254726927
17012,1.6993339983865,3.09480519370044,-0.935119617224899,-0.00118059366854234
17016,1.7151212741942,3.09842204030181,-0.83244019138759,-0.0011820176303081
17019,1.63527807440559,3.07280171643091,-0.829760765550276,0.000309579564923219
17023,1.65116091284819,3.07642357125776,-0.827081339712947,-0.00118214681452491
17026,1.57141327569449,3.05080825561234,-0.724401913875624,-0.00118398055395256
17030,1.74214296649545,2.53233675080574,-0.721818181818207,-0.00118407853477734
17033,1.75820418251433,2.5362505758165,-0.619234449760796,-0.00118591824300101
17036,1.67832962691984,2.51261732291041,-0.616650717703365,0.000310166765269061
17040,1.69449829463619,2.51710281212486,-0.614066985645962,-0.0011860486164741
17043,1.61463530838938,2.49403953556288,-0.511578947368463,-0.00118748577551607
17047,1.63098704467314,2.49881380588591,-0.509090909090943,-0.00118799300901441
17050,1.55130712699373,2.47603931043251,-0.406507177033504,-0.00118943488690248
17054,1.56784905811345,2.48083022064756,-0.403923444976087,0.000311298769767638
17057,1.58448550486384,2.48563610066786,-0.401339712918684,-0.00118956578023184
17060,1.50499578202039,2.46287824510647,-0.298755980861273,-0.00119142258001347
17064,1.52172557603587,2.46795300909199,-0.296172248803856,0.000311545831515399
17067,1.4424237160882,2.44547900730107,-0.293588516746425,0.000311991810126135
17070,1.45934371951426,2.45056874109186,-0.291004784689022,-0.00119117496832301
17074,1.476358238571,2.45567344468791,-0.188421052631597,-0.00119303685531118
17077,1.39724658803391,2.43321441270226,-0.185837320574166,0.000312239973597666
17080,1.41435562272132,2.43833408610357,-0.183253588516749,-0.00119316872032356
17084,1.43146465740874,2.44345375950489,-0.0806698564593518,-0.0011946231968859
17087,1.44866820772684,2.44858840271147,-0.0780861244019349,0.000313037175950945
17090,1.46587175804494,2.45372304591806,-0.0755980861244154,-0.00119475509192729
17094,1.48307413021381,2.45887265892991,0.0268899521530841,-0.0011966282186326
17097,1.50027650238269,2.46402227194176,0.0293779904306035,0.000313287005877282
17100,1.51757339018224,2.46918685475888,0.0318660287081087,0.000313737987017154
17104,1.67759499865491,1.95944391583449,0.0344497607655114,-0.00119637782948979
17107,1.69498873402533,1.96435625457841,0.137033492822937,-0.00119825610843926
17110,1.71238246939575,1.96926859332233,0.139617224880354,0.000313988937256366
17114,1.72977506834984,1.97476749596543,0.142200956937771,0.000314441943002059
17117,1.74716766730392,1.98026639860854,0.144784688995173,-0.00119800459521565
17120,1.76465450623438,1.98578191830214,0.247368421052599,-0.0011998880460524
17124,1.78214134516483,1.99129743799574,0.249952153110016,0.00031469402110648
17127,1.79972242407165,1.99682957473984,0.252535885167433,0.000315149065122229
17130,1.81720782377318,2.00236004139719,0.255119617224835,0.000315047751852366
17134,1.83478746345108,2.00790712510504,0.257799043062164,-0.0011996669739922
17137,1.85236710312898,2.01345420881289,0.360382775119589,-0.00120113734624272
17140,1.87004802161292,2.01874910751069,0.362966507177006,0.000315859374786311
17144,1.9843144838961,2.05019471277928,0.365550239234409,0.000315757604378655
17147,2.00198692432145,2.05577336050138,0.368133971291826,0.00031621573169017
17150,2.01965936474681,2.06135200822347,0.370717703349243,0.000316113731552497
17154,2.13392294857216,2.09282750741958,0.37330143540666,-0
17157,2.2481865323975,2.12430300661568,0.375885167464062,0.000316572893595941
17160,2.26585609436503,2.12991154826529,0.378468899521479,0.000316470662949504
17163,2.38011823896147,2.16140199442514,0.381052631578896,0.000316930863234338
17167,2.49438038355791,2.192892440585,0.383636363636313,0.000316828401296868
17170,2.60864108892543,2.22439783370861,0.386220095693716,0.000317289643348468
17173,2.62620116360706,2.23060429746905,0.388803827751133,-0.00119984091444289
17177,2.74025814171234,2.26269099565299,0.491387559808544,-0.00120173060826711
17180,2.85431270042966,2.29505492823584,0.493971291865961,0.000317546309813544
17183,2.8717729183538,2.30155521554245,0.496459330143466,0.000318009646039355
17186,2.98582571890686,2.33393740735931,0.498947368420957,0.000317906485499633
17190,3.09978282568001,2.36631959917617,0.501435406698477,0.000318370874164804
17193,3.21383386806881,2.39872005022704,0.503923444975982,0.000318267479169333
17196,3.23129232782869,2.40523859676765,0.506411483253487,0.000318732923863442
17200,3.34524767643758,2.43763904781852,0.508899521531006,-0.00120075055134916
17203,3.45929696066211,2.47005775810339,0.611387559808506,-0.00120264333249254
17206,3.47665796847783,2.47659456387802,0.613875598086025,0.000318991931631016
17209,3.59061155892245,2.50901327416289,0.616363636363531,-0
17213,3.70466330625881,2.54171422910689,0.618851674641022,0.000319459499219261
17216,3.81880898921081,2.5744334432849,0.621339712918541,-0.00120238373439402
17219,3.93283513434516,2.60774020460774,0.723827751196055,-0.00120428172375026
17222,3.95036437605589,2.61516339133358,0.726411483253472,0.00031971968966968
17226,3.913375721897,3.19366223882543,0.728995215310889,0.000320189394708491
17229,4.0269448754261,3.22890975438405,0.731578947368305,0.0003200848153582
17232,4.14051606179981,3.26413403442232,0.734066985645811,-0.00120404869090493
17236,4.15796107857969,3.2717945788789,0.83655502392331,-0.001205529830307
17239,4.27143866231219,3.3069989630616,0.83904306220083,0.000320922633141119
17242,4.38492841215072,3.3424819968848,0.841531100478335,0.000320817574344469
17245,4.49842012198296,3.37794012662695,0.844019138755854,0.000321290513146328
17249,4.61181822917397,3.41337836051351,0.846507177033359,-0.0012052945373899
17252,4.62909016677115,3.42125285881837,0.948995215310887,-0.00120720191691048
17255,4.74239467132094,3.45667119684935,0.951483253588393,0.000321553695988309
17259,4.85583516630049,3.49176360080812,0.953971291865898,0.000322028809220021
17262,4.80420956010309,4.08410982332794,0.956459330143403,0.000321923025048167
17266,4.91706042546947,4.12085740294328,0.958947368420922,-0.00120696488624218
17269,4.93437627591421,4.12836113682569,1.06143540669842,-0.00120845321338016
17273,5.04725015665114,4.1653568422446,1.06392344497594,-0
17276,5.16000861146091,4.20206122813127,1.06641148325345,0.000322770506182285
17280,5.27265478215661,4.23849722847594,1.06889952153097,0.000322664234245332
17283,5.19393404563989,4.21616531612299,1.07138755980849,0.000323142637348384
17287,5.01948168420379,4.16430249369115,1.07387559808598,-0.00120821387973743
17290,4.94065739355067,4.14140127741942,1.1762679425836,-0.00121013069479316
17294,4.86164347350202,4.11848180191368,1.17866028708121,0.000323408864502371
17297,4.51371565258926,4.6153242208257,1.18105263157882,0.000323889479872962
17300,4.43495272660508,4.59014597387244,1.18354066985633,0.000323782469938493
17304,4.3559169058415,4.56466080159371,1.18602870813384,0.000324264197201773
17307,4.18169872911312,4.50797394170016,1.18842105263146,-0.0012094893828196
17311,4.10260974353874,4.48189747696523,1.29081339712907,-0.0012114103741618
17314,4.02333149271254,4.45579441273383,1.29320574162668,0.000324532276366169
17318,3.94398635925255,4.42939213330977,1.29559808612429,0.000325016239021463
17321,3.76937861027355,4.37177779204802,1.29799043062189,0.000324908483375245
17325,3.68972487453562,4.34475207645529,1.30038277511952,0.000325393569566417
17328,3.61001941691535,4.31742564294359,1.30277511961712,-0.00121076459312312
17332,3.25946713636123,4.78383605556117,1.40516746411473,-0.00121268976120157
17335,3.17998625851425,4.75450307453836,1.40755980861232,0.000325663520133757
17339,3.10056545157792,4.72432088942403,1.40995215310993,0.000326150865164932
17342,2.92646254903915,4.66126224042572,1.41234449760753,0.000326042355984846
17346,2.84691086672515,4.63076368567821,1.41473684210514,0.000326530836357606
17349,2.76735854707602,4.60026840973579,1.41712918660275,0.000326422074242394
17353,2.68780559009174,4.56977641259846,1.41952153110034,0.000326911693928101
17356,2.60831344851023,4.5390104988787,1.42191387559795,0.000326802677992343
17360,2.52882030810688,4.50824949452514,1.42421052631565,0.000327293440982456
17363,2.44951365001258,4.47753154300494,1.42650717703336,0.000327184170336594
17367,2.37039447304917,4.44685173495192,1.42880382775105,0.000327676080639809
17371,2.11367691543133,4.9179791138052,1.43110047846876,0.000327566554390124
17375,2.03557568827585,4.88490549642191,1.43339712918646,0.000328059616034497
17379,1.95756731238605,4.85185502945924,1.43569377990416,0.000327949833283083
17382,1.8797463033926,4.81884268272248,1.43789473684195,0.00032844405031576
17386,1.80201814566482,4.78585348640634,1.44009569377975,0.000328334010160501
17390,1.72454426239299,4.75264369797922,1.44229665071755,0.00186780714078616
17394,1.6471628122146,4.71945867692484,1.34440191387546,0.00186425401124082
17398,1.57014270268096,4.68578976110305,1.34650717703335,0.000329215628207521
17402,1.49321502624075,4.652145612654,1.34861244019125,0.000658707848711307
17406,1.41654372626939,4.61829009138058,1.35062200956924,0.000329491960368081
17410,1.33996441306319,4.58446094688762,1.35263157894722,0.000329990839803726
17414,1.26357184911676,4.55067149717521,1.35464114832523,0.000329879760926846
17418,1.18736603443012,4.51692174224336,1.35665071770322,0.000330379816272626
17422,1.1113238331054,4.48295655675371,1.35856459330131,0.00033026847541729
17426,1.1295104162209,4.48267831212937,1.36038277511949,0.00186733831539678
17430,0.782504840806734,4.88808241920922,1.26220095693767,0.00186378696762496
17434,0.707519874182335,4.85200701992204,1.26401913875586,0.000331160526745277
17437,0.632626419974777,4.81595959878843,1.26583732057404,0.000331048659144929
17441,0.557824478184052,4.77994015580838,1.26755980861233,0.000331552267273029
17445,0.48309636330541,4.74368656377772,1.2691866028707,0.000663385070601311
17449,0.408459258619708,4.7074625427513,1.27081339712907,0.000331832537611781
17453,0.333881709939458,4.67069886736362,1.27244019138744,0.000332338535338697
17457,0.259304161259205,4.63393519197594,1.273875598086,0.000332225870584379
17461,0.184817622771899,4.5972010875925,1.27531100478456,0.000332733069493449
17465,0.110326924918176,4.56048655148956,1.27674641148311,0.00186626645950581
17469,0.0360024896572817,4.5235766806749,1.17818181818167,0.00186437854150054
17473,-0.216786302462165,4.93972497385032,1.17952153110035,0.000333015340566997
17477,-0.290380600283545,4.90122239349593,1.18076555023909,0.000333524954707604
17481,-0.363979587417823,4.86274096526509,1.18200956937785,0.000333411484248234
17485,-0.437434628649207,4.82373542980945,1.18325358851661,0.000333922312479199
17489,-0.603608055337272,4.74726923501222,1.18440191387546,0.000668129189725523
17493,-0.676895680268185,4.70807759368965,1.1855502392343,0.000334206605788241
17498,-0.750093382460271,4.6689186815674,1.18669856459317,0.000334719875251703
17502,-0.823386414288539,4.62975142918268,1.1876555023922,0.000334605590413457
17506,-0.89667944611681,4.59058417679796,1.18861244019125,0.000335120087061405
17510,-0.877173961328825,4.58866326323311,1.1895693779903,0.000335005528814484
17514,-0.950386861997515,4.54928169032666,1.19052631578934,0.0018672955090169
17518,-1.11059833204463,4.98054964936903,1.09138755980848,0.00186374432390874
17523,-1.18301035894653,4.93903547093337,1.09224880382763,0.000335923388670902
17527,-1.16327643982853,4.93660108060728,1.09301435406687,0.00067213476603359
17531,-1.23550975880385,4.89488224197136,1.09368421052619,0.000336211100992933
17535,-1.3076476171045,4.85317007859609,1.09435406698553,0.000336730550652699
17539,-1.28773499005991,4.85053102806975,1.09502392344486,0.000336614888900762
17544,-1.3597773876859,4.80882553995512,1.09559808612428,0.000337135587989502
17548,-1.33958691640667,4.80598998954146,1.09617224880373,0.000337019647869963
17552,-1.41135884388383,4.76411871681748,1.09674641148314,0.000337541600900399
17556,-1.39098482534108,4.76132723220308,1.09732057416257,0.00220476234966185
17560,-1.46253126694797,4.71890418507858,0.997799043062088,0.0018637856256021
17565,-1.44202722320963,4.71555425080301,0.998181818181706,0.000338356567578087
17569,-1.51338819611135,4.67292944209833,0.998564593301325,0.000338239786299403
17573,-1.49269868366783,4.66937774624258,0.998947368420929,0.000338765528453967
17577,-1.74560432457146,5.04450187647171,0.99923444976065,0.000338648464753842
17581,-1.72472368685812,5.04096019706691,0.999521531100356,0.00186618354061566
17585,-1.79511017429109,4.99678377552134,0.899808612440069,0.00220222300285002
17590,-1.86531367847121,4.95265128436804,0.900095693779789,0.000339468791555195
17594,-1.84406707425215,4.9491974657478,0.900287081339599,0.000339998364244099
17598,-1.82273304941514,4.94578256929436,0.900478468899394,0.000339880447105268
17602,-1.80130328351198,4.9426122465261,0.900574162679291,0.000340411305946293
17606,-1.77987351760881,4.93944192375784,0.900669856459203,0.000340293102253086
17611,-1.75823489605859,4.93573667774401,0.900669856459203,0.00186546106103762
17615,-1.73650818791953,4.93206882226879,0.80066985645918,0.00220315704919699
17619,-1.80612283897216,4.88792969143539,0.80066985645918,0.000341121425939442
17624,-1.78429421853282,4.88450007243046,0.80066985645918,0.000341656171473639
17628,-1.76228123687994,4.88110964061119,0.80066985645918,0.000341537101821981
17633,-1.74026825522705,4.87771920879193,0.800574162679268,0.000342073152410474
17637,-1.71807091236061,4.87436796415832,0.800478468899371,0.0018636929224251
17641,-1.69586135778477,4.87124680919717,0.700382775119479,0.00186187099737695
17646,-1.76500634897319,4.82745198992844,0.700287081339567,0.000685281675391688
17650,-1.74261182107166,4.82436846821574,0.70019138755967,0.000342790230069491
17655,-1.72011265352663,4.82073488778119,0.699999999999847,0.00034333022461336
17659,-1.88359788392318,5.22545299627584,0.699808612440037,0.000343209985469074
17664,-1.86098505700797,5.2220462342829,0.699617224880228,0.00186366409706105
17668,-1.83818662814864,5.21867387157702,0.599425837320425,0.0022043001159413
17672,-1.90608643641713,5.17323017941028,0.599234449760615,0.000344052587846924
17677,-1.88332391030053,5.17024162851583,0.599043062200806,0.000344596570033233
17681,-1.76983959528732,5.20954447479969,0.5987559808611,0.00186150330620226
17686,-1.74695064663949,5.20677830707836,0.49846889952137,0.00185970391665867
17690,-1.72411861979042,5.20420430412915,0.498181818181649,0.000344899337692838
17694,-1.70134015233294,5.2018234301068,0.497894736841943,0.000345446002896918
17699,-1.6785190142795,5.19965974075775,0.497607655502222,0.002206414300675
17703,-1.56506709752238,5.23975787758278,0.397320574162507,0.00185756237949182
17708,-1.54219667703711,5.23778911479027,0.3970334928228,0.000346299633824832
17712,-1.5193640994761,5.23542150797617,0.396746411483079,0.000346177306197919
17717,-1.49657114587134,5.2332486591293,0.396459330143372,0.00185960878643814
17721,-1.38318363248906,5.27353305629453,0.296172248803643,0.00220324424450509
17725,-1.36042689781044,5.27155562728569,0.295885167463922,0.000347034559680758
17730,-1.33770296599521,5.26977422045892,0.295598086124215,0.00034758801991876
17734,-1.31500841098853,5.26818937844799,0.295311004784494,0.00185748018885647
17739,-1.20161332530355,5.3090634101852,0.194928229664882,0.00185571192266985
17743,-1.17887151722211,5.30787308605803,0.194545454545263,0.000347896069410137
17747,-1.15612970914066,5.30668276193087,0.194162679425645,0.00185668067130768
17752,-1.13340695020026,5.30569027069767,0.093875598085944,0.00220205573619114
17756,-1.02006900613592,5.34715774085494,0.0935885167462231,0.000348761867163175
17761,-0.997361840775241,5.34636338483814,0.0933014354065165,0.000349320855064648
17765,-0.974750136089231,5.3455623535607,0.0930143540668098,0.00185457272815136
17770,-0.952054972851961,5.34496136650336,-0.0073684210528171,0.00185282425148486
17774,-0.929359809614695,5.34436037944603,-0.00775119617242126,0.000699825752906956
17779,-0.906760209012333,5.34375438416321,-0.00803827751214214,0.00185313615879288
17783,-0.884160608409971,5.3431483888804,-0.108325358851843,0.00185139755909046
17788,-0.861474128990768,5.3427442894449,-0.10861244019155,0.000350506455437876
17792,-0.838883285057403,5.34233685034464,-0.108899521531271,0.000351071054229656
17797,-0.816196747344133,5.34192941124438,-0.109186602870977,0.0018517110298423
17801,-0.793605845116705,5.34151863247936,-0.209569377990604,0.00184998229578502
17806,-0.770924495974796,5.3405066224878,-0.209856459330325,0.000703338058201132
17810,-0.944452836777465,5.75084860026811,-0.210143540670032,0.000351826393753418
17814,-0.921776865126546,5.75003860819901,-0.210430622009738,0.00185140503501832
17819,-0.89910089347563,5.74922861612991,-0.310717703349454,0.00184791397660957
17823,-0.876520601029991,5.74841695397407,-0.31100478468916,0.000352838879724307
17828,-0.853844629379076,5.74760362173149,-0.31119617224897,0.0003527118894509
17832,-0.831266173336335,5.74699905033146,-0.31148325358869,0.0018500061918701
17837,-0.89847144271824,5.70255569416578,-0.411770334928391,0.00220024988765955
17841,-0.875797307470219,5.70194945267902,-0.411961722488215,0.000353601853723159
17846,-0.853123186796829,5.70134154110551,-0.412153110048024,0.00184861881910232
17850,-0.83054475990334,5.700733629532,-0.512344497607828,0.00184513825043538
17855,-0.807870653804578,5.70012404787175,-0.512535885167637,0.000354624599169731
17859,-0.78529224148572,5.6995144662115,-0.512727272727446,0.000709570177319808
17864,-0.762711949040085,5.69912032574076,-0.512918660287255,0.000354945252982337
17868,-0.830122741744312,5.65427967512407,-0.513014354067167,0.000355524254240793
17873,-0.807749809023896,5.65327780927303,-0.51311004784705,0.00184702393889427
17877,-0.785360874988811,5.65288700897577,-0.613301435406854,0.00184533749784455
17881,-0.76306762015901,5.65249787876526,-0.613397129186765,0.000355846537804226
17885,-0.830749449164401,5.60827330396257,-0.613492822966677,0.000356428485632168
17890,-0.808647552745157,5.60788751392554,-0.613588516746574,0.000356298898818966
17894,-0.786737014736467,5.60750506406199,-0.613588516746574,0.00184678640486052
17898,-0.854705881357688,5.56328549951952,-0.713684210526495,0.00220065005475925
17902,-0.832891022554275,5.56290471974271,-0.713779904306406,0.000357207079959362
17906,-1.01131116120368,5.9639429808797,-0.713779904306406,0.000357793489995412
17911,-1.07878831322966,5.91816649130241,-0.713779904306406,0.000357662908913348
17915,-1.05725437132062,5.91802446270803,-0.713875598086318,0.000358250817761764
17919,-1.03572042941159,5.91788243411365,-0.713875598086318,0.000358119902712781
17923,-1.10338277540724,5.87234469521008,-0.713875598086304,0.000358709316127518
17928,-1.08204010446988,5.87220934594521,-0.713971291866201,0.00184567973502438
17932,-1.06079306901837,5.8720773363451,-0.813971291866196,0.00184401747444085
17936,-1.03954603356685,5.87194532674499,-0.813971291866196,0.000359037402754576
17940,-1.10739965053418,5.82641426717092,-0.813971291866196,0.000359629842680331
17944,-1.08635022537299,5.82604684808803,-0.813971291866196,0.000359497918007171
17949,-1.0653008002118,5.82567942900514,-0.813971291866196,0.000360091879937643
17953,-1.04425137505061,5.82531200992225,-0.813971291866196,0.00072051472206102
17957,-1.02329762909471,5.8249462609261,-0.813971291866196,0.00036042250167603
17961,-1.00243956234407,5.82458218201669,-0.813971291866196,0.000361019525263667
17965,-1.07068214801228,5.77881905313333,-0.813971291866181,0.000360886579241716
17970,-1.04991976046693,5.77845664431066,-0.813875598086298,0.000361485142543413
17974,-1.02925305212685,5.77809590557473,-0.813875598086298,0.000361351853434997
17978,-1.00858634378678,5.77773516683881,-0.813875598086298,0.000361951962414058
17982,-0.988110993857259,5.77737776827636,-0.813779904306401,0.000361818328889385
17986,-0.967637786397791,5.77677486696307,-0.813684210526489,0.000362419989541437
17991,-0.947164578938324,5.77617196564978,-0.813684210526489,0.000362286010263834
17995,-1.01598339688287,5.73017168444928,-0.813588516746577,0.000362889228613907
17999,-0.995701562408581,5.72957045322273,-0.81349282296668,0.000362754902239775
18003,-0.975515407139572,5.72897089208292,-0.813492822966694,0.000363359684345665
18007,-1.15841432137248,6.11849411971099,-0.813397129186782,0.000363225009524433
18011,-1.13832385988337,6.11789455857118,-0.813301435406871,0.000363831361474588
18015,-1.11832907759955,6.11729666751811,-0.813205741626973,0.00036369633684867
18019,-1.09842998909562,6.11669877646505,-0.813014354067164,0.00036430426476312
18023,-1.16691915288894,6.06890488620907,-0.812822966507355,0.00036416888896787
18027,-1.1472040334601,6.06865270311127,-0.812631578947531,0.000364778398999153
18030,-1.21578367331715,6.02145336373488,-0.812440191387708,-0.00112020581418564
18034,-1.28455468615939,5.97425235427174,-0.712153110048021,-0.00112184790020098
18038,-1.3534213782069,5.92704967472187,-0.7118660287083,0.000365117686738411
18042,-1.42228807025442,5.879846995172,-0.711578947368594,0.000365730379587488
18046,-1.4911547477273,5.83264264553539,-0.711196172248975,0.000365593942025048
18049,-1.4717266659143,5.83238545217737,-0.710813397129343,0.000366208235640713
18053,-1.54068224607942,5.78492064786156,-0.710430622009738,0.000366071441378809
18057,-1.60973346173039,5.737452503881,-0.710143540670018,0.000366687342041519
18061,-1.67878467738135,5.68998435990044,-0.709856459330311,-0.00112055147951636
18065,-1.74793152851815,5.64251287625513,-0.609473684210684,-0.00112219399842297
18068,-1.72868792658916,5.6419885488884,-0.608995215311168,0.000367030191834672
18072,-1.7978347194319,5.59451372557833,-0.608516746411652,0.000367649325570193
18076,-1.86707714776047,5.5470355626035,-0.608038277512136,0.000367511452776568
18080,-1.93631957608905,5.49955739962867,-0.607559808612606,-0
18084,-2.00565763990346,5.45207589698909,-0.607081339713105,0.000368132212602756
18087,-2.07498404756838,5.40432742463405,-0.606602870813589,-0.00112136772466479
18091,-2.0561112585823,5.40352110033213,-0.506028708134167,-0.00112301224512144
18095,-2.12553309773711,5.35576261152614,-0.505454545454739,0.000368477770878199
18099,-2.19495493689193,5.30800412272015,-0.504880382775312,0.000369101802163912
18103,-2.45924930188378,5.6191561784886,-0.504306220095899,0.000368962838032841
18107,-2.52793391510155,5.56985887571108,-0.503732057416457,0.000369588514754844
18110,-2.50915655760537,5.5690425349582,-0.503157894737043,-0.00112217943095254
18114,-2.57784103967814,5.51974022395521,-0.402583732057607,-0.0011238259263862
18118,-2.64652552175088,5.47043791295223,-0.401913875597998,0.000369936813734283
18122,-2.71520987267866,5.42113059372376,-0.401244019138673,0.000370565800913375
18126,-2.69633655911258,5.42030423651992,-0.400574162679348,0.000370425732435601
18129,-2.76502605491002,5.371596480466,-0.399904306220009,-0.00112341168905353
18133,-2.83361987150219,5.32289039449882,-0.299234449760689,-0.00112470097703751
18136,-2.90221357152399,5.27418097039291,-0.298564593301364,-0
18140,-2.88334530083185,5.27395250831162,-0.297894736842039,0.000371548269161906
18143,-2.95192175496315,5.22495968415882,-0.297224880382714,0.000371407457123285
18147,-3.02040252988919,5.17596853009275,-0.296459330143477,-0.00112470974886695
18150,-3.28149116064094,5.46723520724809,-0.195693779904246,-0.00112600201973311
18154,-3.26250974632242,5.46672001003275,-0.19492822966501,0.000372535960828175
18157,-3.33014674260528,5.41681421235333,-0.194162679425773,0.000372394399292107
18161,-3.39778373888813,5.36690841467391,-0.193492822966434,-0
18164,-3.46542056035982,5.3169992813986,-0.192822966507094,-0.00112600955451705
18168,-3.53286628567099,5.26710016304868,-0.0921531100477608,-0.00112730481573477
18171,-3.51368719406128,5.26691799438962,-0.0914832535884216,0.000373528917679219
18175,-3.580919677708,5.21674750565778,-0.0908133971290965,0.000373386600645734
18178,-3.56142693250858,5.21629940063205,-0.0901435406697715,-0.00112731109619049
18182,-3.5418390177498,5.21586129833007,0.0105263157895479,-0.0011286093552205
18185,-3.60882188021673,5.16514441441441,0.0111961722488729,-0
18189,-3.58910722181223,5.16443919263686,0.011866028708198,0.000374527181929069
18192,-3.56939256340772,5.16373397085932,0.012535885167523,0.000374384103333987
18196,-3.82837011404681,5.43909176368156,0.0131100478469364,-0.00112861436382504
18199,-3.80864695060347,5.43873902731857,0.113684210526372,-0.00112991562811872
18203,-3.87450502218606,5.38662325361077,0.1142583732058,0.000375530796244038
18206,-3.85464636369842,5.38601128739397,0.114832535885213,0.000375386949958102
18210,-3.83474222224896,5.38512752571465,0.115311004784729,-0.00150537634408595
18213,-3.90046057089334,5.33275657359482,0.215789473684239,-0.00113165768455771
18217,-3.8804122743088,5.33162011086988,0.216267942583755,0.000375890390684114
18220,-3.86036560474351,5.33049689915347,0.216650717703374,0.000376539803749233
18224,-3.92598139041758,5.2776031106296,0.217033492822978,-0.00113129712411505
18227,-3.90588044602145,5.27621312959674,0.31741626794259,-0.00113296906476884
18231,-3.8856858989841,5.27484304441946,0.317799043062195,0.000376901334092552
18235,-3.95114952117259,5.22170500085249,0.318086124401901,-0
18238,-3.93089641329086,5.22007076477653,0.318277511961711,0.000377554248034675
18242,-3.99629958485447,5.16668777476515,0.318468899521534,0.000377408847714572
18246,-3.97598602634787,5.16480859224477,0.318564593301431,-0.00113253441799302
18249,-3.95551270901598,5.16269384780815,0.418660287081337,-0.00113384474268256
18253,-3.9350393916841,5.16057910337152,0.418755980861249,0.000378574173160621
18257,-4.00028280442243,5.10696055144389,0.418755980861249,0.000378427986362623
18260,-3.97964608780326,5.1046146785519,0.418755980861263,0.000379086204938336
18264,-4.15132902446318,5.41626690860387,0.418755980861263,0.000378939622506298
18268,-4.13042981140891,5.41369940376786,0.41856459330144,-0.00151234567901243
18271,-4.19433540797029,5.35813997250853,0.518373205741639,-0.00113508352934845
18275,-4.17335684354115,5.35532079726438,0.51818181818183,0.000379452643991198
18279,-4.15219170628415,5.35253620124996,0.517894736842109,0.000380114434985573
18282,-4.2158313786428,5.29675967881221,0.517607655502403,0.000379967056451923
18286,-4.19458303978875,5.29372641943579,0.51722488038277,0.000380630644571446
18290,-4.17318658726213,5.2913494602145,0.516746411483254,0.000380482865552707
18293,-4.15170316354403,5.28872690192493,0.516267942583724,-0.00113412399574824
18297,-4.21502454944158,5.23311241721204,0.615789473684217,-0.00113543800338632
18301,-4.19344988148339,5.23024581511671,0.615215311004789,-0
18304,-4.17169041501068,5.22742018186571,0.614545454545464,0.000381667281390889
18308,-4.23473575815362,5.17160262219138,0.613875598086125,0.000381518696489166
18311,-4.21279268857049,5.16857197619334,0.613110047846888,0.000382187720126773
18315,-4.19084961898737,5.16554133019531,0.612344497607651,0.000382038729809277
18319,-4.16872236300187,5.16255320697882,0.611578947368415,-0.00113491071333415
18322,-3.95782757292067,4.8515244647731,0.710717703349275,-0.00113622654566012
18326,-3.93561159120746,4.84857218907752,0.709760765550243,-0
18330,-3.91321142309187,4.84566243616347,0.708803827751197,0.000383232867241761
18333,-3.79405106155058,4.48146453261131,0.707846889952151,0.000383083061099009
18337,-3.77156216770729,4.47859062721816,0.706794258373208,0.000383757587312809
18341,-3.74888908746162,4.47575924460657,0.705645933014367,0.000383607370742328
18344,-3.72612077552542,4.47269795235613,0.704497607655512,-0.00113569188747374
18348,-3.52622172788826,4.15675222771884,0.803349282296665,-0.00113700953288444
18352,-3.50318178209969,4.15377239180627,0.802009569377987,0.000384811349953543
18356,-3.48019123781998,4.15142026157928,0.800669856459336,0.000384660307451314
18360,-3.45711260695141,4.1491055218909,0.799330143540672,-0
18364,-3.26238420062432,3.83083513877979,0.797990430621994,0.00038534040440852
18368,-3.23912215353072,3.82856612989248,0.796555023923432,-0.00113655018405105
18371,-3.21577201984828,3.82633451154379,0.895023923444981,-0.0011382348386788
18375,-3.02631257114317,3.50520133470288,0.893492822966508,0.000385719040333393
18379,-3.0026837873983,3.50279642432407,0.891961722488034,0.000386402889546985
18383,-2.97896758303548,3.50043043611207,0.890430622009575,0.000386250595316251
18387,-2.95533089027239,3.49799494382893,0.88880382775119,0.000386936332313528
18391,-2.7713586626448,3.17376185859932,0.887081339712921,0.000386783617380561
18395,-2.83792446555543,3.12800422042851,0.885358851674638,-0.00113723710343167
18399,-2.81458733810405,3.12578940928072,0.98363636363635,-0.00113855833892907
18403,-2.79133693867058,3.12353415619401,0.981818181818184,0.000388007648700309
18406,-2.85813939990281,3.07736090455055,0.979904306220092,0.000387854087116247
18410,-2.68186887347839,2.75362547066016,0.977990430622,-0
18414,-2.74957144500894,2.70867252647199,0.976076555023923,0.000388545534605555
18418,-2.72672924683548,2.70593945906585,0.974066985645933,0.000388391547053222
18422,-2.70405906666132,2.70312249287564,0.972057416267944,0.000389084913897799
18426,-2.77210567419046,2.65800175111932,0.970047846889955,-0.00113754925217664
18430,-2.60349257477502,2.33425023972204,1.06803827751197,-0.00113923536164003
18434,-2.67248551492276,2.29030623025153,1.06602870813398,0.000389470947982952
18438,-2.65020917308846,2.28699244102165,1.0639234449761,0.000390168177593067
18442,-2.6281033588186,2.28359176365784,1.06181818181821,0.000390012901447153
18445,-2.69743735409522,2.23947397791949,1.05971291866031,0.000390712074555582
18449,-2.67558733117201,2.2359429683548,1.05751196172251,-0.00113830478916373
18453,-2.60668514117948,1.8731851101437,1.15531100478471,-0.00153124999999996
18457,-2.58505343455094,1.86925895772671,1.15311004784691,0.000391257490027464
18461,-2.56357806574146,1.86591845726088,1.1509090909091,0.000391101345812251
18465,-2.63415318227722,1.82350484394611,1.1487081339713,0.000391804430375789
18469,-2.61281122926869,1.82042063284937,1.1465071770335,-0.00113960215060644
18473,-2.64466182510944,1.42314930861688,1.2443062200957,-0.00114129342037355
18477,-2.71603825755759,1.38260443817854,1.2421052631579,0.000392195882420905
18481,-2.88013307546242,1.30459890839862,1.23990430622009,0.00039290291135513
18485,-2.95163843052542,1.26431261672204,1.23770334928229,0.000392745451323246
18490,-2.99432730436722,0.878031432162256,1.23550239234449,-0.00114080759216386
18494,-3.06647231662327,0.839369004872744,1.3333014354067,-0.00114213714188095
18498,-3.23188936252938,0.764911732020741,1.33110047846888,0.000394007569157108
18502,-3.39730640843549,0.690454459168738,1.32889952153108,0.000393849222652178
18506,-3.35702470791909,0.351293628765768,1.32669856459329,0.000394562230670097
18511,-3.52387070320054,0.280994426640866,1.32449760765549,-0.00114164671862104
18515,-3.59674743640338,0.244897238848532,1.42229665071767,-0.00114334308243419
18519,-3.76368819417944,0.174584718723538,1.42009569377987,0.000394959215542171
18523,-3.73307682140821,-0.154109788123583,1.41789473684207,0.000395676251851012
18527,-3.90130189735693,-0.220870509670054,1.41569377990427,0.00039551656153406
18532,-3.97497511574571,-0.255074415770811,1.41349282296648,0.000396235624802502
18536,-4.14320019169442,-0.321835137317283,1.41129186602866,0.000396075482744977
18540,-4.12153340949686,-0.640680074665238,1.40909090909086,-0.00153846153846158
18544,-4.29089253398912,-0.703829733607959,1.50688995215307,-0.00114408392156502
18548,-4.36532765487302,-0.735489049490422,1.50468899521527,0.000396635985861999
18553,-4.44731091152165,-1.07606379254091,1.50258373205737,0.000397359128918706
18557,-4.52244702955002,-1.10613336053537,1.50047846889948,0.000397198077610413
18561,-4.59778308346821,-1.13597029096913,1.49837320574158,0.000397923273594402
18565,-4.59191404751945,-1.44028639097789,1.49626794258369,0.000397761764754054
18569,-4.66792903679355,-1.46850070384725,1.49416267942581,0.000398489022419702
18574,-4.74412726742604,-1.49676583404277,1.4920574162679,0.000398327054094815
18578,-4.82050873941692,-1.52508178156446,1.48995215311002,0.00039905638224674
18582,-4.91914951785731,-1.84814526759319,1.48784688995213,0.000398893952473705
18586,-4.99648292052353,-1.87396862323196,1.48574162679423,0.000399625359966003
18590,-5.07399990100597,-1.89984288950492,1.48363636363634,0.000399462466770007
18595,-5.0834406816687,-2.18932930507288,1.48162679425835,0.00040019596250795
18599,-5.16167246994242,-2.21358138408023,1.47961722488036,0.000400032603902895
18603,-5.24010063256842,-2.2375814745145,1.47760765550237,0.000400768196842776
18607,-5.25637557871826,-2.52128478241337,1.47559808612439,0.000400604370831199
18612,-5.33557950062558,-2.54368648122369,1.47358851674641,0.00040134206997977
18616,-5.41496758524809,-2.56613752628482,1.47157894736841,0.000401177774552761
18620,-5.43789486248799,-2.8436057877216,1.46956937799042,0.000401917588969541
18625,-5.61577162824032,-2.88458908822996,1.46755980861243,0.00040175282210666
18629,-5.69612230370963,-2.90453622972655,1.46555023923445,0.000402494760902545
18633,-5.72566019573636,-3.17449696226321,1.46354066985645,0.00194321002371639
18637,-5.80644188927245,-3.19306633104802,1.36153110047846,0.0019415351313714
18642,-5.78906086446377,-3.19255480029518,1.35952153110047,0.000402907877067396
18646,-5.86993649361551,-3.21114242831399,1.35751196172249,-0
18650,-5.9053139526026,-3.47544211288792,1.35550239234449,0.00040365409216423
18654,-5.88813170773324,-3.47466711104559,1.3534928229665,0.000403487898754565
18659,-5.9695238408063,-3.49127682282554,1.35148325358851,0.000404236265879212
18663,-5.91162445754177,-3.73497633199351,1.34947368421054,0.00194253113129656
18667,-5.99349185465557,-3.74990446422194,1.24746411483254,0.00194087027805023
18672,-6.07524417468584,-3.76512473664633,1.24545454545455,0.000404652966552195
18676,-6.05832126329781,-3.76472145842227,1.24344497607656,0.000405405665755404
18680,-6.10453197961143,-4.01933074239725,1.24143540669859,0.000405238027191932
18684,-6.08783208310094,-4.01836361915391,1.23942583732058,0.0019426794158115
18689,-6.17013207651297,-4.03162541975281,1.13741626794259,0.00193883601090433
18693,-6.22131557535292,-4.28197022527077,1.13540669856462,0.000406581851087653
18697,-6.20477524419984,-4.28135776860703,1.13339712918663,0.000406413238590865
18701,-6.28748952821089,-4.2929322462838,1.13138755980864,0.0019414560318325
18706,-6.2441723235258,-4.52817728590667,1.02937799043063,0.00193761746131449
18710,-6.32728309245606,-4.53777540110918,1.02736842105266,0.000407764881107371
18714,-6.31094167184949,-4.53692066998493,1.02526315789476,0.000407595286165123
18719,-6.37155489431499,-4.77925854624241,1.02315789473687,0.00194024704248161
18723,-6.35504949376794,-4.77829442729221,0.921052631578988,0.0019364132464872
18727,-6.33832992679233,-4.77756950447337,0.918947368421072,0.000408954815736139
18731,-6.32152975504659,-4.77678684819731,0.916842105263186,0.00193764538418298
18736,-6.30479492064512,-4.7753821421792,0.814736842105276,0.00152647975077881
18740,-6.28788663020786,-4.77389655228325,0.812631578947389,0.000409552391196482
18744,-6.25263472579387,-5.00554549246846,0.810526315789502,0.0019358610571864
18748,-6.23543357522042,-5.00422564097043,0.708421052631607,0.00193425746987471
18752,-6.2181528397411,-5.00284665806107,0.70631578947372,0.00040998012982906
18757,-6.10102969023616,-4.99445007838525,0.704210526315833,0.00193549735774558
18761,-6.08358336085133,-4.99297001467251,0.602105263157924,0.00193168229043014
18765,-6.06584056215692,-4.99165566288792,0.600000000000023,0.000411355642028916
18769,-6.04810493277372,-4.99032263440911,0.597799043062238,0.00193292217811003
18774,-6.01567046572156,-5.22463755253873,0.495598086124431,0.00193134010453356
18778,-5.9974174303344,-5.22395174020237,0.493397129186633,0.000411787157588334
18782,-5.97907990235462,-5.22322100235761,0.491196172248834,0.0019325861402754
18786,-5.86080328697982,-5.21718996829238,0.388995215311056,0.00192878252967901
18790,-5.84222063989525,-5.21630267883465,0.386794258373257,0.00193084229575997
18795,-5.82352203089308,-5.21562258433354,0.284593301435436,0.00192704553960311
18799,-5.8046560305594,-5.21484970330223,0.282392344497637,-0
18803,-5.77556840029111,-5.45155537444943,0.280191387559853,0.00192910752035183
18807,-5.75691721806471,-5.45117304273656,0.17799043062206,0.0019253175768655
18812,-5.63858555089082,-5.44741960555398,0.175885167464159,0.000414396608405224
18816,-5.62022223878357,-5.44748349890868,0.173779904306258,0.001926567132351
18820,-5.60203380352101,-5.4476198286242,0.0715789473684652,0.00192502561330864
18824,-5.58386630462742,-5.44808827233003,0.0693779904306524,0.000414834530943372
18829,-5.56586111158957,-5.44865813599074,0.0671770334928539,0.00192628143896757
18833,-5.44822090209745,-5.4452913231723,-0.035023923444939,0.00192250258076584
18837,-5.4304492725157,-5.44570322179697,-0.037320574162635,0.000416242865656374
18841,-5.42334398729785,-5.20559621589941,-0.039617224880331,0.00192375845440456
18845,-5.40589337994307,-5.20621658879586,-0.141913875598036,0.00192223829009173
18850,-5.38844196559715,-5.20718492389802,-0.144210526315746,0.000416684701112502
18854,-5.27120693151478,-5.20297317465852,-0.146507177033442,0.00192350050943968
18858,-5.25399351838586,-5.20410204360858,-0.248899521531058,0.00191973254359723
18862,-5.23676849569305,-5.20558568975723,-0.251291866028666,-0
18867,-5.21970024851109,-5.2071791113004,-0.253684210526274,0.000418105647757791
18871,-5.20278877684001,-5.20888230823809,-0.256076555023881,0.00192099482856037
18875,-5.08591331512029,-5.20565834088024,-0.358468899521483,0.001919495982501
18880,-5.06905564266441,-5.20778046393182,-0.360956937799003,0.000418551448811021
18884,-5.05235280599694,-5.21001508176852,-0.363444976076508,0.000419356792851442
18888,-5.03564996932946,-5.21224969960522,-0.365933014354013,0.00191994311729007
18892,-5.01894713266199,-5.21448431744192,-0.468325358851644,0.00191845612557667
18897,-4.90238134251905,-5.21148533965433,-0.470813397129149,0.000419805267370635
18901,-4.78596685765736,-5.20794077264834,-0.473301435406668,0.000420615448308499
18905,-4.66947495490146,-5.20433995824979,-0.475789473684188,0.00191890594585625
18909,-4.55307503891073,-5.2007655206317,-0.578277511961687,0.00191743081969421
18914,-4.43676710968515,-5.19721745979407,-0.580861244019104,0.000421066620414967
18918,-4.32055116722474,-5.1936957757369,-0.583444976076521,0.000421881681956419
18922,-4.22008983360231,-4.93411886119283,-0.586028708133938,0.000421700143623895
18927,-4.10416441312169,-4.92890787894647,-0.588612440191369,-0
18931,-3.98833097940624,-4.92372327348056,-0.591291866028669,0.000422517662022309
18935,-3.87231077831724,-4.91879106963395,-0.593971291865998,0.000422335576062935
18939,-3.75630613954267,-4.91382765261343,-0.596555023923429,0.000423155562443482
18944,-3.64039348753327,-4.90889061237338,-0.599234449760743,0.00191915613248252
18948,-3.52457282228903,-4.90397994891378,-0.701913875598066,0.00191769783095515
18952,-3.50860054883593,-4.90607130960906,-0.704688995215292,0.000423612203257504
18956,-3.39296385712201,-4.90121339971038,-0.707464114832518,0.000424437159248454
18961,-3.27741915217326,-4.89638186659217,-0.710239234449745,0.00042425341545819
18965,-3.16196643398966,-4.89157671025441,-0.713110047846882,0.000425080873212992
18969,-3.0680125448449,-4.6136030305612,-0.715980861244006,0.000424896571778547
18974,-2.95278874864327,-4.60708432410355,-0.718947368421055,0.000425726542694942
18978,-2.83792013103108,-4.60039718276144,-0.721913875598077,0.000425541681073864
18982,-2.82276296999322,-4.60245199247456,-0.724880382775112,-0
18986,-2.70815574380556,-4.59587385208594,-0.727942583732059,0.000426374176618786
18991,-2.69333739208642,-4.59809391014511,-0.731004784688992,0.000426188752253148
18995,-2.57889957055811,-4.59159839392951,-0.734162679425836,0.000427023783963476
18999,-2.56425062349834,-4.59390107616171,-0.737320574162695,0.00042683779427975
19003,-2.42779870150651,-4.86935634197637,-0.740478468899539,0.000427675373762478
19007,-2.41322717234094,-4.87171527160112,-0.743636363636369,0.000427488816171421
19012,-2.39882504783472,-4.87415682539891,-0.746889952153111,0.000428328955104795
19016,-2.28466651830252,-4.86962273182228,-0.750239234449751,0.00042814182700133
19020,-2.2703418116905,-4.87212053301262,-0.753492822966493,-0.00106557184173244
19024,-2.15635268681767,-4.86766906360902,-0.656842105263152,-0.00106673171855078
19028,-2.14219738486501,-4.87024948897239,-0.660191387559806,-0
19033,-2.12811950080655,-4.87288616172832,-0.663636363636357,0.00042964212905354
19037,-2.01437719848726,-4.86857356389031,-0.666985645933011,0.000429453852046067
19041,-2.00046871908816,-4.87129286081927,-0.670430622009562,0.000430301740117716
19045,-1.88699489732654,-4.86676865039865,-0.673875598086127,0.000430112884686361
19049,-1.87344785511149,-4.86930135183016,-0.677416267942576,0.000430963379641301
19054,-1.85997920065187,-4.87188894095894,-0.680956937799053,0.000430773943116417
19058,-1.74657570765131,-4.86774159146697,-0.684497607655501,0.000431627056995682
19062,-1.73300062150427,-4.87000920943003,-0.688038277511964,0.000431437036691166
19066,-1.71934811746304,-4.87222058000052,-0.691674641148325,-0
19071,-1.80527239149255,-4.88164112825835,-0.695215311004787,0.000432292781610471
19075,-1.77375321788323,-5.17326661966138,-0.698851674641148,0.00043210217482364
19079,-1.75964741815379,-5.1759109843437,-0.702392344497611,0.000432960562972558
19083,-1.84542067658902,-5.18375800783016,-0.706028708133971,0.00043276936698402
19087,-1.83125557382118,-5.18631252071861,-0.709665071770345,-0.00106321482663941
19092,-1.91684531588413,-5.19437956545373,-0.613301435406697,-0.00106436957512236
19096,-1.8898645466221,-5.48361035738834,-0.616937799043072,0.000434302334183626
19100,-1.97523368516554,-5.49031294048295,-0.62047846889952,0.000434109951566016
19104,-1.96048057629594,-5.49373529843239,-0.624114832535895,-0
19108,-1.94572746742634,-5.49715765638183,-0.627751196172255,0.000434976343302945
19113,-2.02332693944674,-5.78691645085071,-0.631387559808616,0.00193325431123619
19117,-2.00831637157696,-5.79047965258448,-0.735119617224882,0.00193183565381856
19121,-2.09338255998798,-5.79581447174245,-0.738755980861242,0.000435458867383617
19125,-2.07818591630318,-5.79957393105683,-0.742488038277514,0.000436330657195019
19129,-2.06291815828101,-5.80326935873424,-0.746315789473698,0.000436136473813136
19133,-2.14508153665782,-6.08820270917067,-0.750047846889956,-0
19137,-2.12962703701656,-6.09208705296587,-0.753875598086125,0.000437010981599855
19141,-2.21426452414048,-6.09599777354154,-0.757799043062192,0.000436816192341698
19145,-2.19897199726454,-6.09997375711816,-0.761722488038274,0.000437693430834314
19149,-2.18395932711007,-6.10378596999347,-0.765645933014355,0.000437498032859839
19153,-2.16903864372075,-6.10762455964923,-0.769569377990422,-0
19156,-2.1541890746688,-6.11152718094197,-0.773588516746401,0.000438378014868942
19160,-2.13933950561685,-6.1154298022347,-0.777607655502379,0.000438182005320326
19164,-2.12456105090227,-6.11939645516441,-0.781626794258358,0.00043906474373568
19168,-2.0099906511056,-6.12312794478836,-0.785741626794248,0.000438868119737184
19172,-1.99549247232138,-6.12692221518063,-0.789856459330139,0.000439753627530754
19176,-1.98099429353717,-6.13071648557289,-0.793971291866029,0.00193573959229533
19180,-1.96900521326316,-5.85533503373695,-0.898181818181811,0.00149390243902427
19184,-1.95451490005532,-5.85974734442937,-0.902392344497599,0.000440444676413138
19188,-1.94002458684748,-5.8641596551218,-0.906602870813401,0.000440246814815287
19192,-1.92581475242015,-5.86839090806519,-0.910909090909087,0.000441137900605438
19196,-1.91160491799282,-5.87262216100858,-0.915215311004786,0.000440939415821571
19200,-1.89746838925382,-5.87691492472802,-0.919617224880398,-0
19204,-1.88333186051483,-5.88120768844746,-0.92401913875598,0.000441833310395383
19208,-1.86926863746417,-5.88556196294294,-0.928421052631577,0.000441634199476671
19212,-1.75529395058621,-5.88823250757074,-0.932918660287086,0.00193710794497138
19216,-1.74151119074311,-5.89239699067633,-1.03741626794259,0.00193328653201111
19220,-1.72772843090002,-5.89656147378191,-1.04200956937798,0.000443230728243669
19224,-1.72102078485982,-5.6200175950074,-1.0466028708134,0.000443030356134094
19228,-1.6996019847987,-5.90527002277288,-1.05119617224881,-0
19232,-1.58538825345065,-5.90779277847586,-1.05588516746411,0.000443932757204078
19236,-1.57115929161823,-5.91206077482256,-1.06057416267942,0.000443731750000775
19240,-1.45687225458183,-5.91452201974948,-1.06535885167463,0.000444637013566514
19244,-1.44247755396765,-5.9187037379474,-1.07014354066985,0.000444435368245228
19248,-1.32793234505607,-5.92105393735281,-1.07502392344497,-0
19252,-1.31329859997179,-5.9250878666259,-1.0799043062201,0.000445343507949279
19256,-1.29857242179409,-5.92909702852624,-1.08488038277511,0.000445141221466523
19259,-1.18369573531898,-5.93127467163408,-1.08995215311003,0.000446052251036994
19263,-1.16850638152567,-5.93541281655344,-1.09502392344497,0.000445849320329896
19267,-1.05326003720426,-5.93774294006073,-1.10019138755979,-0
19271,-1.03537776890116,-6.23150348369793,-1.10526315789473,0.00044676325358304
19275,-0.91985910689608,-6.23546653233516,-1.11043062200957,0.000446559675569187
19279,-0.904340444890998,-6.23942958097239,-1.11559808612439,0.000447476526409305
19283,-0.788657128780031,-6.24330508146855,-1.12086124401912,0.000447272297986589
19286,-0.772881379575633,-6.24715581459198,-1.12612440191387,-0
19290,-0.756940976265355,-6.25091899957435,-1.13148325358851,0.000448192080406884
19294,-0.641000572955079,-6.25468218455672,-1.13684210526314,0.000447987198453343
19298,-0.624895515538913,-6.25835782139803,-1.14229665071768,-0
19302,-0.508698025029318,-6.26200869086659,-1.14765550239234,0.000448909926536967
19306,-0.492428313507268,-6.26559677956684,-1.15311004784688,0.000448704387910627
19310,-0.578838616433949,-6.56387336109758,-1.15866028708133,0.000449630075830383
19313,-0.562509228721876,-6.56711799568945,-1.16421052631578,0.000449423877369096
19317,-0.546087407916385,-6.57033786290859,-1.16985645933015,-0
19321,-0.629484617844764,-6.57172621133521,-1.1754066985646,0.000450352539389434
19325,-0.620764727635759,-6.86773765690205,-1.18105263157895,0.000450145677910718
19329,-0.604347261949467,-6.87003154849097,-1.18669856459331,-0.00104123785780442
19333,-0.687702524165331,-6.8687488915822,-1.09244019138755,-0.00104234533681013
19337,-0.671026716914128,-6.87092980756321,-1.09818181818181,-0
19340,-0.654461606987439,-6.87281784245427,-1.10392344497608,0.000451804454071159
19344,-0.650518091113106,-7.16586837489027,-1.10966507177034,0.000451596256927973
19348,-0.733556553403933,-7.16241114562241,-1.1155023923445,0.000452533927758029
19352,-0.716640075454137,-7.16416113519837,-1.12133971291865,0.000452325057926308
19356,-0.699735146277934,-7.16559262961514,-1.12717703349281,-0
19360,-0.682830217101731,-7.1670241240319,-1.13301435406699,0.000453265760839206
19363,-0.783200324348471,-7.45057659485903,-1.13885167464113,0.000453056215053472
19367,-0.766208849799582,-7.45166279744467,-1.1447846889952,-0
19371,-0.749205928582885,-7.45213311861464,-1.15071770334926,-0.00104059454736085
19374,-0.831867899975336,-7.44559981425664,-1.05674641148325,-0.0010417006575897
19378,-0.837153424004097,-7.73133392153843,-1.0626794258373,0.000454736551121679
19382,-0.797432684503036,-7.44634402735077,-1.06861244019137,0.000454525643546635
19386,-0.662663491058076,-7.16615502787985,-1.07464114832534,-0
19389,-0.632500944126821,-6.87864311184058,-1.08066985645932,0.000455475531477184
19393,-0.60745290771164,-6.59098376699608,-1.08679425837319,-0.0010409192680828
19397,-0.587700648991852,-6.30300526602514,-0.992918660287074,-0.00149847094801215
19400,-0.470552932608445,-6.30301944942294,-0.998947368421057,0.000456216917537909
19404,-0.455946601290353,-6.01329677641814,-1.00507177033492,0.000456004634855361
19408,-0.346727308908044,-5.71964783008339,-1.0111961722488,0.00045696072106954
19412,-0.142941772208086,-5.41748403725176,-1.0173205741627,-0.00104172320222774
19415,-0.144187872040309,-5.12254424753114,-0.923540669856465,-0.00150076569678416
19419,-0.250370825746852,-4.83673827370403,-0.929760765550242,0.000457706953916461
19423,-0.134185410632043,-4.82752348079409,-0.935885167464107,0.00045749328263398
19427,-0.14590245379059,-4.53339996867798,-0.942105263157899,-0
19430,-0.0637316822251677,-4.22743008727598,-0.948325358851676,0.000458455627998873
19434,0.0127712540930922,-3.91863245673439,-0.954545454545467,0.000458241257301535
19438,-0.0152295686639761,-3.62277625995583,-0.960861244019142,-0.00104226216773923
19441,0.0996401174885158,-3.6064220021657,-0.867177033492837,-0.0010433718279261
19445,0.164404958775894,-3.29177406840631,-0.873397129186614,-0
19449,0.125120797475354,-2.99371581806384,-0.879712918660303,0.000459960347946733
19453,0.178467322257585,-2.6758495574476,-0.886028708133978,0.000459744568077856
19456,0.0963524507040248,-2.69572617857793,-0.892344497607652,-0
19460,0.0142254866594236,-2.71557906685832,-0.898755980861253,0.000460716418046811
19464,-0.0679135698762074,-2.73540822228877,-0.905167464114825,0.00046049992837588
19467,-0.214361217784013,-2.46559935262274,-0.911578947368426,-0.00150306748466265
19471,-0.296071855387041,-2.48735469826143,-0.818086124401901,-0.00104390136623198
19475,-0.47530997971506,-2.53163630418182,-0.824593301435385,0.000461257774873046
19478,-0.557124159916818,-2.55339771212258,-0.831196172248795,0.000462236039687111
19482,-0.638951402470859,-2.57513402751809,-0.837799043062176,0.000462018119864673
19485,-0.787858316652365,-2.31809952350021,-0.844401913875572,-0
19489,-0.869397166537226,-2.34126847909056,-0.851100478468879,-0.00104308794106956
19492,-0.951025939160919,-2.36447016388124,-0.757799043062178,-0.00104419936123464
19496,-1.03266821007273,-2.38764698791786,-0.764497607655471,-0
19500,-1.18424237906349,-2.14044455915479,-0.771291866028676,0.000463765719108207
19503,-1.26539552236857,-2.16552169454802,-0.778086124401895,0.00046354635491573
19507,-1.44315576331378,-2.2164545486781,-0.785071770334895,-0
19510,-1.52441334436891,-2.24153822749825,-0.792057416267923,-0.00104387261419887
19514,-1.67797946087186,-2.00591190447059,-0.699043062200928,-0.00104498570803852
19518,-1.75871807299463,-2.03288132585364,-0.706124401913868,-0
19521,-1.83939787178705,-2.05976303234303,-0.713205741626794,0.000465305556494716
19525,-1.92009322528371,-2.08661724598575,-0.720287081339706,0.000465084733524563
19528,-2.07557955907681,-1.86069507625817,-0.727464114832529,-0.00104465424217154
19532,-2.15573595994984,-1.88910751705112,-0.634641148325343,-0.00104576900444381
19536,-2.14018751719197,-1.88822256532481,-0.641818181818181,-0
19539,-2.22047028014165,-1.91606612720005,-0.649186602870799,0.000466855653365985
19543,-2.30076801289658,-1.94388376061198,-0.656555023923431,-0.00104571232199415
19546,-2.3810063474222,-1.97161524351362,-0.563923444976069,-0.00151468315301397
19550,-2.44277829927465,-1.72539786959219,-0.571387559808628,0.000467634581203605
19553,-2.52252174944401,-1.75474202453245,-0.578851674641143,0.000467411542631168
19557,-2.60220580138405,-1.78400002896241,-0.586315789473701,-0.00151468315301394
19561,-2.58679917149984,-1.78233040549158,-0.49387559808612,-0.00104861175117865
19564,-2.66643879501583,-1.81147633094795,-0.501435406698562,0.000468192328077791
19568,-2.74609338833708,-1.84059632794102,-0.508995215311003,-0
19571,-2.90440170934449,-1.63466392330342,-0.516650717703357,0.000469200260625857
19575,-2.88890622261216,-1.6327701418854,-0.524401913875593,-0.00104805213736861
19579,-2.9681483425339,-1.66297369896751,-0.43215311004785,-0.00151937984496122
19582,-3.04733045211417,-1.69309265947653,-0.439999999999998,0.000469987038449066
19586,-3.12652691938756,-1.72318724545947,-0.44784688995216,0.000469761750761294
19590,-3.11118588679415,-1.7207006414706,-0.455693779904323,0.000470776459319501
19594,-3.27102481415603,-1.52358541659724,-0.463636363636368,0.000470550414362354
19597,-3.34989628761162,-1.55512976954339,-0.471578947368428,-0.00151937984496129
19601,-3.33488722471633,-1.55250795567786,-0.379617224880406,-0.00105017059385715
19605,-3.31989147982114,-1.54986307435952,-0.387655502392349,0.00047134173052657
19608,-3.38872152240894,-1.32328909535314,-0.39569377990432,-0
19612,-3.37373909551383,-1.32062114658198,-0.403827751196189,0.000472363283654638
19616,-3.35876998661882,-1.31793013035802,-0.411961722488059,0.000472135712659166
19620,-3.43733084872757,-1.35066083732449,-0.420191387559818,-0.00152173913043486
19623,-3.42254634704783,-1.34753322490133,-0.328516746411481,-0.00105094504020552
19627,-3.49475522362173,-1.12356005583785,-0.336842105263152,0.000472932374255152
19631,-3.47998340080322,-1.12041091897958,-0.34516746411483,-0
19635,-3.46522425684594,-1.11724025768622,-0.353588516746406,0.00047396084144097
19638,-3.45046511288866,-1.11406959639285,-0.362009569377989,0.00047373172890133
19642,-3.52666896938162,-0.891432681461127,-0.370430622009572,0.000474763679468601
19646,-3.60408889606472,-0.927162556376052,-0.378947368421052,0.000474533790276454
19650,-3.58946999954069,-0.923799119026292,-0.387464114832525,-0
19653,-3.57477467856593,-0.920378091722164,-0.395980861244006,-0.0010492761223439
19657,-3.56016744418003,-0.916994454956647,-0.304593301435396,-0.00105040077586738
19661,-3.63943562877624,-0.697478781318654,-0.313301435406693,-0
19664,-3.62484005652846,-0.69407494513738,-0.322009569377983,0.000476377542782309
19668,-3.61024448428068,-0.690671108956106,-0.330717703349265,0.000476146088390888
19672,-3.59591081702427,-0.686904908355828,-0.339425837320562,-0
19676,-3.6731193856522,-0.723719595095366,-0.348229665071756,0.000477188595947407
19679,-3.75041537489807,-0.760573204001706,-0.357129186602855,0.000476956352955167
19683,-3.73644423899765,-0.756792070767268,-0.36602870813396,-0
19687,-3.81390506675568,-0.793740849232976,-0.374928229665066,-0.00104922188729942
19691,-3.80019780940482,-1.04036186878218,-0.283923444976054,-0.00105034642450129
19694,-3.78641368571824,-1.03648333737079,-0.292918660287064,0.00047881901570341
19698,-3.86475843513233,-1.07173280650559,-0.301913875598082,0.000478585183370316
19702,-3.94310318454643,-1.1069822756404,-0.310909090909078,-0
19706,-3.8432383342402,-1.31116513437264,-0.319999999999986,0.000479638410748188
19710,-3.92241679213912,-1.34489595986416,-0.329090909090901,0.000479403777619612
19714,-4.00159525003805,-1.37862678535569,-0.338277511961714,-0
19718,-3.9881641105904,-1.37473866382321,-0.347464114832533,0.000480460615035022
19722,-4.06753069033842,-1.40836471291495,-0.356650717703339,0.000480225176990235
19726,-4.06694012095627,-1.64497381038933,-0.365837320574158,0.000481285643036071
19729,-4.05358831524762,-1.64113920013948,-0.375119617224875,0.000481049395926019
19733,-4.13376130654565,-1.67323381829359,-0.384401913875607,-0
19737,-4.21393429784367,-1.7053284364477,-0.393779904306214,0.000482113509322509
19741,-4.12567710941655,-1.90250132853063,-0.403157894736836,0.000481876448969578
19745,-4.20674717103401,-1.93240763700955,-0.412535885167465,-0
19749,-4.28781723265147,-1.96231394548847,-0.421913875598072,0.000482944228566142
19753,-4.20452897136922,-2.15692249985469,-0.431387559808613,0.000482706350763903
19757,-4.12481240892748,-2.35277146784556,-0.440861244019132,-0
19761,-4.20723065514073,-2.37903719998008,-0.450334928229651,0.000483777815540036
19765,-4.13147764569199,-2.57410426656472,-0.459808612440185,0.000483539116053003
19769,-4.05922023255443,-2.77024004419167,-0.469377990430601,0.000484614285119731
19773,-3.99057486409382,-2.96721643369677,-0.478947368421032,0.000484374759683105
19777,-4.02248983262666,-3.18933107822232,-0.488516746411463,-0
19781,-4.00990942925439,-3.18431911867029,-0.49808612440188,0.00201507214472031
19784,-3.94875766960427,-3.38121972812338,-0.607751196172231,0.00201093726343019
19788,-3.89123030394224,-3.57876549281648,-0.617416267942566,-0
19792,-3.83724858177328,-3.77706490729939,-0.627081339712909,0.000486295932112464
19796,-3.78682511608115,-3.97605597677624,-0.636746411483252,0.000486054741863737
19800,-3.77416789440069,-3.97057758229578,-0.646507177033484,0.000487141139795042
19804,-3.72723168048336,-4.16994236807305,-0.656267942583725,0.000486899110623905
19808,-3.68396139386444,-4.36970231853036,-0.666028708133958,-0
19812,-3.64428068568103,-4.56996675133722,-0.675789473684198,0.000487989290623777
19816,-3.60819377273506,-4.77045914382963,-0.685645933014342,0.000487746418145618
19820,-3.59561821013981,-4.76459506268586,-0.695502392344487,0.00152647975077878
19824,-3.56313629513525,-4.96546635573003,-0.805358851674633,0.00201294615427455
19829,-3.53434509074653,-5.16647880193438,-0.815311004784675,0.000488596679797366
19833,-3.52184986975801,-5.16043842722457,-0.825263157894717,0.00048969448342508
19837,-3.40967549636686,-5.1472447362703,-0.835215311004774,0.000489449911056348
